4.290410000000000000e+05 1.661003162666824551e+01
4.308500000000000000e+05 6.485550616080659836e+01
4.382970000000000000e+05 5.597313481092014342e+01
4.401930000000000000e+05 5.928663815076048138e+01
4.492670000000000000e+05 5.764575571341829630e+01
4.499720000000000000e+05 1.957754253072722150e+01
4.514100000000000000e+05 2.192358480749787120e+01
4.519610000000000000e+05 1.527593603083383655e+01
4.523950000000000000e+05 1.836912783398742022e+01
4.530810000000000000e+05 5.016784592959363209e+01
4.531340000000000000e+05 7.020647046389290935e+00
4.539610000000000000e+05 1.004466049943304462e+01
4.543060000000000000e+05 1.677012013340207375e+01
4.551980000000000000e+05 1.112767010067270412e+01
4.559570000000000000e+05 2.052962544949511070e+01
4.567250000000000000e+05 9.898613983836378694e+00
4.590200000000000000e+05 8.250007353705275648e+01
4.598500000000000000e+05 8.638739280671747167e+01
4.599590000000000000e+05 1.061904447599924772e+01
4.606920000000000000e+05 3.305136467950815415e+01
4.607460000000000000e+05 3.275437437033439636e+01
4.618060000000000000e+05 2.435003795786663261e+01
4.621890000000000000e+05 1.735581743860835502e+01
4.625640000000000000e+05 1.125788087883142374e+01
4.632330000000000000e+05 7.281220977316506549e+01
4.633950000000000000e+05 2.045132895408089624e+01
4.634530000000000000e+05 6.196200831959185251e+01
4.642470000000000000e+05 1.120918830210580630e+01
4.647420000000000000e+05 1.493787254853643809e+01
4.655480000000000000e+05 2.284727928048004486e+01
4.663870000000000000e+05 1.340363904477931278e+01
4.664360000000000000e+05 2.687154875895559414e+01
4.667460000000000000e+05 2.664057349740038205e+01
4.669580000000000000e+05 9.965679352126089796e+00
4.675750000000000000e+05 2.498956883994047473e+01
4.677980000000000000e+05 2.482808773345229625e+01
4.678710000000000000e+05 5.345183261913692974e+00
4.680060000000000000e+05 1.843112694331819412e+01
4.682510000000000000e+05 8.841183192199055796e+00
4.685900000000000000e+05 2.832063572859198519e+00
4.688170000000000000e+05 2.244138682204209090e+01
4.689210000000000000e+05 2.209701482685239426e+01
4.691020000000000000e+05 1.001907378167519269e+01
4.692650000000000000e+05 1.944322100745574744e+01
4.694380000000000000e+05 4.886135411287806818e+00
4.694640000000000000e+05 4.418650189714129795e+01
4.695020000000000000e+05 1.553240609585671983e+01
4.696570000000000000e+05 6.830865941223810012e+01
4.698790000000000000e+05 9.453595554612192586e+00
4.699300000000000000e+05 3.731203479648510779e+01
4.706170000000000000e+05 2.972680421131063611e+01
4.711090000000000000e+05 3.098704762524544520e+01
4.714200000000000000e+05 8.454016851484149697e+01
4.718570000000000000e+05 1.070918903086927010e+01
4.724570000000000000e+05 2.341044237629958946e+00
4.724990000000000000e+05 8.231574545714954283e+00
4.736410000000000000e+05 1.852669141871068348e+01
4.742040000000000000e+05 1.090208803280565064e+01
4.742310000000000000e+05 1.392293003427864306e+01
4.746230000000000000e+05 2.826283337883744906e+01
4.748130000000000000e+05 3.376421418023467425e+01
4.754900000000000000e+05 3.386729915878482444e+01
4.758650000000000000e+05 5.000868484005581394e+01
4.769970000000000000e+05 1.127904799472680786e+01
4.770890000000000000e+05 4.020460755734774239e+01
4.775180000000000000e+05 1.516369476064129174e+01
4.784520000000000000e+05 1.388595996698418489e+01
4.786610000000000000e+05 3.914897414021678568e+00
4.798390000000000000e+05 6.553502623988790354e+00
4.801940000000000000e+05 1.386406246297509171e+01
4.808790000000000000e+05 1.615277550371419935e+01
4.811260000000000000e+05 2.611468103197098856e+01
4.812540000000000000e+05 2.065365630348147974e+01
4.827140000000000000e+05 2.006974483582225588e+01
4.827570000000000000e+05 3.601590505197085434e+01
4.829870000000000000e+05 3.699905343641987088e+01
4.838120000000000000e+05 1.890181515871910989e+01
4.839000000000000000e+05 1.931709882899903974e+01
4.852330000000000000e+05 2.095056424175016829e+01
4.852830000000000000e+05 4.601327704265479923e+01
4.860520000000000000e+05 2.541966634480885112e+00
4.869660000000000000e+05 8.329857606499642131e+00
4.870420000000000000e+05 1.272709189422035259e+01
4.872440000000000000e+05 3.146412371080045745e+01
4.895930000000000000e+05 1.731058482447503266e+01
4.905770000000000000e+05 1.018472611808021178e+01
4.910660000000000000e+05 4.093283983252949554e+01
4.934910000000000000e+05 4.258838377815309428e+01
4.960190000000000000e+05 1.060444846056961765e+01
4.991130000000000000e+05 7.984431900674240801e+00
4.994630000000000000e+05 6.220946763828751891e+00
5.016040000000000000e+05 2.557123771587992067e+01
5.121540000000000000e+05 2.066163725891266267e+01
