# ID, analog position x y z (ckpc/h), analog velocity vx vy vz (km/s/a), halo mass (10^10 Msun/h), stellar mass (10^10 Msun/h), vmax (km/s), mass in stellar hlr (10^10 Msun/h), stellar hlr (ckpc/h)
4.022930000000000000e+05 2.877548632812500000e+04 5.626494140625000000e+04 3.974504687500000000e+04 -4.642070770263671875e+01 -1.473459625244140625e+02 1.706184234619140625e+02 1.484004211425781250e+02 4.131847381591796875e+00 2.063906555175781250e+02 6.371034622192382812e+00 7.190417766571044922e+00
4.171220000000000000e+05 2.883254492187500000e+04 2.010091015625000000e+04 2.278666601562500000e+04 -2.580184020996093750e+02 -8.772891998291015625e+01 8.483183288574218750e+01 1.415028686523437500e+02 3.739646911621093750e+00 2.361764678955078125e+02 3.001625299453735352e+00 2.366496086120605469e+00
4.290410000000000000e+05 3.076353515625000000e+03 3.251536718750000000e+04 3.900276855468750000e+03 -1.472427558898925781e+01 -3.302491455078125000e+02 1.102450942993164062e+02 1.025761871337890625e+02 3.814550399780273438e+00 2.173121490478515625e+02 5.279571533203125000e+00 5.036267757415771484e+00
4.306830000000000000e+05 1.155286230468750000e+04 2.575720898437500000e+04 6.024920312500000000e+04 -2.543405151367187500e+01 8.379853820800781250e+01 6.948655700683593750e+01 1.548261260986328125e+02 5.228553295135498047e+00 2.057287445068359375e+02 6.038471221923828125e+00 7.350772380828857422e+00
4.308500000000000000e+05 7.412782031250000000e+04 1.493277734375000000e+04 2.856422070312500000e+04 -1.571008300781250000e+02 4.192958450317382812e+01 -3.471817321777343750e+02 1.304963989257812500e+02 4.337380886077880859e+00 2.069114837646484375e+02 5.749022006988525391e+00 6.662652969360351562e+00
4.382970000000000000e+05 7.315177343750000000e+04 3.179761914062500000e+04 3.118279541015625000e+03 3.661674499511718750e+02 8.716894531250000000e+01 2.793592224121093750e+02 1.102659759521484375e+02 4.187806129455566406e+00 2.199911651611328125e+02 6.172490119934082031e+00 5.845310688018798828e+00
4.401930000000000000e+05 5.300352343750000000e+04 4.878283203125000000e+04 3.160974609375000000e+04 1.203704953193664551e+00 5.488498687744140625e+01 -7.485723876953125000e+01 1.444611053466796875e+02 3.929386854171752930e+00 2.192667694091796875e+02 3.884983301162719727e+00 3.532815456390380859e+00
4.411410000000000000e+05 3.795276953125000000e+04 4.811166796875000000e+04 2.535837890625000000e+04 -4.596269226074218750e+01 9.765336608886718750e+01 1.661740264892578125e+02 1.228641891479492188e+02 4.674473762512207031e+00 2.395568847656250000e+02 5.603498935699462891e+00 4.299863815307617188e+00
4.439140000000000000e+05 2.184495507812500000e+04 4.856107031250000000e+04 4.842875390625000000e+04 -6.742752685546875000e+02 -4.374377136230468750e+02 5.437679443359375000e+02 8.754861450195312500e+01 3.794492006301879883e+00 2.134500274658203125e+02 3.920997858047485352e+00 3.721236467361450195e+00
4.455670000000000000e+05 3.793350000000000000e+04 5.887521484375000000e+04 4.787597265625000000e+04 -1.605367279052734375e+02 1.401664123535156250e+02 -2.311603851318359375e+02 1.534145355224609375e+02 3.815808773040771484e+00 2.035008087158203125e+02 7.248987674713134766e+00 8.880743026733398438e+00
4.492670000000000000e+05 3.984243750000000000e+04 3.826075390625000000e+04 6.610342968750000000e+04 5.362127304077148438e+00 -1.534750556945800781e+01 1.436031188964843750e+02 1.473861236572265625e+02 5.987846851348876953e+00 2.304324493408203125e+02 7.012365341186523438e+00 6.032833576202392578e+00
4.499720000000000000e+05 5.662334375000000000e+04 2.184940820312500000e+04 1.432396093750000000e+04 1.989954223632812500e+02 -4.536874389648437500e+01 7.321196746826171875e+01 1.504939727783203125e+02 6.391201972961425781e+00 2.470625762939453125e+02 7.744363784790039062e+00 6.201338291168212891e+00
4.514100000000000000e+05 1.812728906250000000e+04 6.198086328125000000e+04 7.028434375000000000e+04 -3.380306091308593750e+02 -6.588840484619140625e+01 -2.452935791015625000e+01 1.391850128173828125e+02 4.413517475128173828e+00 2.164732360839843750e+02 7.524068832397460938e+00 7.980345726013183594e+00
4.519610000000000000e+05 5.038039062500000000e+04 3.095993750000000000e+04 1.986530664062500000e+04 1.885491485595703125e+02 -4.456547546386718750e+01 1.820049896240234375e+02 1.418390960693359375e+02 4.265902519226074219e+00 2.143758850097656250e+02 4.408182144165039062e+00 4.719142913818359375e+00
4.523570000000000000e+05 6.558971093750000000e+04 2.116414062500000000e+04 2.693875000000000000e+04 3.773826599121093750e+02 -5.346922607421875000e+02 -2.237951507568359375e+02 8.976961517333984375e+01 4.313805580139160156e+00 2.397861633300781250e+02 4.658837318420410156e+00 3.625021934509277344e+00
4.523950000000000000e+05 3.564641406250000000e+04 4.768108593750000000e+04 2.478823437500000000e+04 -1.209903240203857422e+01 -2.948388862609863281e+01 1.320764465332031250e+02 1.311549072265625000e+02 3.717947959899902344e+00 2.103403930664062500e+02 3.790746927261352539e+00 4.208483695983886719e+00
4.526510000000000000e+05 3.883594531250000000e+04 7.397953906250000000e+04 4.081546484375000000e+04 1.808045806884765625e+02 -3.946021423339843750e+02 -1.165633697509765625e+02 1.424150390625000000e+02 3.660931348800659180e+00 2.146337738037109375e+02 3.560959815979003906e+00 3.842255115509033203e+00
4.528390000000000000e+05 6.805356445312500000e+03 5.053248828125000000e+04 4.572460156250000000e+04 6.132644653320312500e+02 -1.663667755126953125e+02 1.625324707031250000e+02 1.538820953369140625e+02 4.548466205596923828e+00 2.214987640380859375e+02 5.482655048370361328e+00 5.373961925506591797e+00
4.528950000000000000e+05 1.174473144531250000e+04 3.858652343750000000e+04 8.062401855468750000e+03 -7.100457763671875000e+01 -2.970967102050781250e+01 -1.262354202270507812e+02 1.548500213623046875e+02 4.235161781311035156e+00 2.386115264892578125e+02 4.071680545806884766e+00 3.084089517593383789e+00
4.530810000000000000e+05 5.136689843750000000e+04 4.115323828125000000e+04 5.612512500000000000e+04 -9.553230285644531250e+01 1.577189178466796875e+02 9.723951721191406250e+01 1.500216369628906250e+02 5.234968662261962891e+00 2.323759765625000000e+02 6.912538051605224609e+00 5.865169525146484375e+00
4.531340000000000000e+05 8.825259765625000000e+03 3.061173828125000000e+04 2.766832580566406250e+02 -3.411517639160156250e+02 -1.957583465576171875e+02 -3.001515197753906250e+02 1.481507873535156250e+02 5.270918846130371094e+00 2.183672485351562500e+02 6.792127132415771484e+00 6.564345836639404297e+00
4.535260000000000000e+05 2.323329882812500000e+04 4.263854492187500000e+03 2.820376367187500000e+04 -2.657736511230468750e+02 2.152157135009765625e+02 -1.004435920715332031e+01 1.547180480957031250e+02 4.792896270751953125e+00 2.242821655273437500e+02 5.047712802886962891e+00 4.388991832733154297e+00
4.539610000000000000e+05 1.742095703125000000e+04 5.006023437500000000e+04 2.438130468750000000e+04 -4.878276062011718750e+01 -1.131542205810546875e+02 1.971415252685546875e+02 1.413537139892578125e+02 3.525312662124633789e+00 2.215814208984375000e+02 4.907798290252685547e+00 4.907351016998291016e+00
4.540740000000000000e+05 2.564383398437500000e+04 1.847347851562500000e+04 2.356867382812500000e+04 -3.118514099121093750e+02 -4.278802490234375000e+01 1.876911010742187500e+02 1.371730804443359375e+02 4.329684734344482422e+00 2.233910827636718750e+02 4.862241268157958984e+00 4.238533020019531250e+00
4.543060000000000000e+05 1.846549218750000000e+04 1.159104785156250000e+04 1.953014770507812500e+03 2.010772705078125000e+02 4.762038803100585938e+01 1.636429595947265625e+02 1.426282348632812500e+02 4.570107936859130859e+00 2.083358001708984375e+02 6.073251724243164062e+00 7.095307350158691406e+00
4.545390000000000000e+05 2.242518750000000000e+04 3.093826367187500000e+04 9.117109375000000000e+03 -1.445827941894531250e+02 -9.138961029052734375e+01 -2.803591537475585938e+01 1.472687988281250000e+02 3.857767105102539062e+00 1.985572357177734375e+02 5.709366798400878906e+00 7.341572284698486328e+00
4.551980000000000000e+05 6.588325781250000000e+04 2.363026562500000000e+04 2.141076367187500000e+04 4.936056518554687500e+02 -1.868576049804687500e+02 5.144849014282226562e+01 1.482279357910156250e+02 4.361824989318847656e+00 2.226370086669921875e+02 8.272242546081542969e+00 8.665581703186035156e+00
4.559570000000000000e+05 6.141728125000000000e+04 1.502588867187500000e+04 3.044691210937500000e+04 4.446124877929687500e+02 -7.533586120605468750e+01 5.513839721679687500e+01 1.253119659423828125e+02 4.125016212463378906e+00 2.192944946289062500e+02 5.483527183532714844e+00 6.048456668853759766e+00
4.562830000000000000e+05 2.313096484375000000e+04 7.291764062500000000e+04 3.304309375000000000e+04 3.782881164550781250e+01 5.179245758056640625e+01 -6.168788909912109375e+01 1.524986114501953125e+02 4.455255031585693359e+00 2.374308319091796875e+02 4.719972133636474609e+00 3.696173906326293945e+00
4.564560000000000000e+05 5.602875390625000000e+04 4.581119921875000000e+04 2.542182421875000000e+04 -1.206950683593750000e+02 -4.127914810180664062e+01 2.843748474121093750e+02 1.515594177246093750e+02 3.970929861068725586e+00 2.175384979248046875e+02 5.801737785339355469e+00 6.308835983276367188e+00
4.567250000000000000e+05 1.955396875000000000e+04 1.387471289062500000e+04 1.202888916015625000e+03 -1.617835998535156250e+02 -1.727076110839843750e+02 8.542397308349609375e+01 1.536590423583984375e+02 4.723670482635498047e+00 2.311806182861328125e+02 7.742420673370361328e+00 7.500156879425048828e+00
4.571690000000000000e+05 2.678061828613281250e+02 5.447422265625000000e+04 3.519656640625000000e+04 1.286621093750000000e+02 -1.322580528259277344e+01 3.147124938964843750e+02 1.458159790039062500e+02 6.471787929534912109e+00 2.613536682128906250e+02 6.085255622863769531e+00 4.081515789031982422e+00
4.576040000000000000e+05 6.810267578125000000e+03 5.514055078125000000e+04 6.337526171875000000e+04 8.457553100585937500e+01 -2.128572845458984375e+02 -1.382619171142578125e+02 1.430668792724609375e+02 4.522032260894775391e+00 2.265927734375000000e+02 4.482843875885009766e+00 4.076496124267578125e+00
4.584470000000000000e+05 1.467658984375000000e+04 4.485886718750000000e+04 1.559877539062500000e+04 -1.330102233886718750e+02 -1.539328613281250000e+02 6.351851272583007812e+01 1.409159088134765625e+02 3.990329742431640625e+00 2.287131652832031250e+02 3.613811969757080078e+00 3.202291488647460938e+00
4.586040000000000000e+05 6.877646972656250000e+03 5.039283984375000000e+04 4.935502343750000000e+04 4.197457275390625000e+02 -2.552354583740234375e+02 -3.328834533691406250e+02 1.450868682861328125e+02 6.026843547821044922e+00 2.263665313720703125e+02 7.325736045837402344e+00 6.713614940643310547e+00
4.588640000000000000e+05 6.271824609375000000e+04 7.340571899414062500e+02 3.979626171875000000e+04 -4.026859436035156250e+02 1.477968902587890625e+02 -1.234239120483398438e+02 1.378211212158203125e+02 4.032861709594726562e+00 2.474856414794921875e+02 2.995370149612426758e+00 2.173326730728149414e+00
4.590200000000000000e+05 5.110715234375000000e+04 1.545995312500000000e+04 5.916157812500000000e+04 -3.475074386596679688e+01 -1.291647949218750000e+02 -2.228846893310546875e+02 1.469808349609375000e+02 4.103091239929199219e+00 2.382065734863281250e+02 3.438103675842285156e+00 2.960127353668212891e+00
4.592430000000000000e+05 4.694039843750000000e+04 6.947614843750000000e+04 4.407211328125000000e+04 -3.345357055664062500e+02 -2.543839721679687500e+02 -3.416616916656494141e+00 1.341361389160156250e+02 4.111963272094726562e+00 2.424764862060546875e+02 3.875467777252197266e+00 2.866372585296630859e+00
4.593600000000000000e+05 2.120547656250000000e+04 7.263807812500000000e+04 1.952681250000000000e+04 -1.821731719970703125e+02 2.943287353515625000e+02 -4.976311874389648438e+01 1.528908691406250000e+02 7.109288215637207031e+00 2.419317626953125000e+02 9.810224533081054688e+00 8.752172470092773438e+00
4.598500000000000000e+05 3.577141796875000000e+04 7.356834375000000000e+04 4.975336718750000000e+04 9.502321624755859375e+01 -3.461813735961914062e+01 -2.198965148925781250e+02 1.268008117675781250e+02 4.557610988616943359e+00 2.296862487792968750e+02 4.190822601318359375e+00 3.570244312286376953e+00
4.599590000000000000e+05 4.068787109375000000e+04 2.587697656250000000e+04 5.004748046875000000e+03 4.421125793457031250e+01 4.783071136474609375e+01 -1.202608947753906250e+02 1.467027282714843750e+02 4.953515529632568359e+00 2.181974792480468750e+02 6.378711700439453125e+00 7.788643836975097656e+00
4.600760000000000000e+05 2.746389062500000000e+04 4.123998535156250000e+03 7.384001562500000000e+04 -4.148859405517578125e+01 -2.120397949218750000e+02 8.596512603759765625e+01 1.015926895141601562e+02 4.538780689239501953e+00 2.328228912353515625e+02 3.773443222045898438e+00 3.007213115692138672e+00
4.601170000000000000e+05 1.048735546875000000e+04 2.804676562500000000e+04 6.087395703125000000e+04 -3.174796867370605469e+01 1.485866394042968750e+02 -3.131706953048706055e+00 1.527760772705078125e+02 4.460484027862548828e+00 2.242862091064453125e+02 4.377532005310058594e+00 3.859041213989257812e+00
4.602730000000000000e+05 2.540099414062500000e+04 6.699934570312500000e+03 5.802803125000000000e+04 1.443569335937500000e+02 -4.854685592651367188e+01 1.868548393249511719e+01 1.391327056884765625e+02 4.834031581878662109e+00 2.324176940917968750e+02 5.231714248657226562e+00 4.444294452667236328e+00
4.606920000000000000e+05 3.890982910156250000e+03 3.644018359375000000e+04 2.907774609375000000e+04 1.971896514892578125e+02 4.130558013916015625e+01 -1.586328277587890625e+02 1.259778900146484375e+02 4.462845325469970703e+00 2.294006805419921875e+02 4.360785007476806641e+00 3.738222837448120117e+00
4.607460000000000000e+05 1.448123535156250000e+04 1.175410742187500000e+04 4.860360156250000000e+04 -1.206311416625976562e+02 1.636910400390625000e+02 -8.467298889160156250e+01 1.456748962402343750e+02 5.826383590698242188e+00 2.402416381835937500e+02 5.675713539123535156e+00 4.389152050018310547e+00
4.608230000000000000e+05 4.737373046875000000e+04 3.877642578125000000e+04 7.044160937500000000e+04 -3.891941528320312500e+02 -2.567142333984375000e+02 2.708790588378906250e+02 1.532101440429687500e+02 4.195093631744384766e+00 2.188980407714843750e+02 5.972557544708251953e+00 5.801595687866210938e+00
4.610380000000000000e+05 7.045825000000000000e+04 5.194025781250000000e+04 2.864091601562500000e+04 5.118464279174804688e+01 1.584734535217285156e+01 1.252071533203125000e+02 1.394742431640625000e+02 3.933830022811889648e+00 2.190423736572265625e+02 3.840333223342895508e+00 3.541146516799926758e+00
4.611360000000000000e+05 3.527290527343750000e+03 7.613354492187500000e+03 1.672810742187500000e+04 2.130365142822265625e+02 2.109945983886718750e+02 1.646197357177734375e+02 1.429932556152343750e+02 5.236523628234863281e+00 2.123817443847656250e+02 7.283531665802001953e+00 7.661913394927978516e+00
4.616090000000000000e+05 6.567775781250000000e+04 6.055366406250000000e+04 2.349298437500000000e+04 3.082094383239746094e+01 -1.889868927001953125e+01 1.356928558349609375e+02 1.336637725830078125e+02 4.069550037384033203e+00 1.990307312011718750e+02 5.741500854492187500e+00 6.689580440521240234e+00
4.618060000000000000e+05 6.874379882812500000e+03 7.063546875000000000e+04 8.595071289062500000e+03 3.337338867187500000e+02 2.366646003723144531e+01 -6.204203796386718750e+01 1.293258514404296875e+02 4.108856201171875000e+00 2.158823547363281250e+02 6.081492900848388672e+00 6.357517719268798828e+00
4.620770000000000000e+05 2.348238671875000000e+04 1.024944140625000000e+04 6.785682031250000000e+04 1.512803649902343750e+01 -1.219932098388671875e+02 1.319731235504150391e+01 1.384377441406250000e+02 5.255616188049316406e+00 2.211136322021484375e+02 8.122294425964355469e+00 7.959365844726562500e+00
4.621890000000000000e+05 5.703854687500000000e+04 5.933148828125000000e+04 6.982111816406250000e+03 7.526836395263671875e+01 6.104865264892578125e+01 5.052013778686523438e+01 1.263353576660156250e+02 3.706217288970947266e+00 2.150743408203125000e+02 3.684706449508666992e+00 3.493840456008911133e+00
4.625640000000000000e+05 5.089321777343750000e+03 7.415360156250000000e+04 2.442574609375000000e+04 7.762886047363281250e+01 2.523114166259765625e+02 6.314729309082031250e+01 1.387723083496093750e+02 5.590174198150634766e+00 2.200052947998046875e+02 8.238480567932128906e+00 8.785994529724121094e+00
4.626310000000000000e+05 4.933723828125000000e+04 1.428595019531250000e+04 4.379502734375000000e+04 3.876156616210937500e+01 -1.712725524902343750e+02 -1.576598663330078125e+02 1.449748229980468750e+02 5.032768726348876953e+00 2.426182708740234375e+02 4.333880901336669922e+00 3.397821187973022461e+00
4.632330000000000000e+05 4.282507812500000000e+04 8.882627929687500000e+03 4.876453125000000000e+04 8.634662628173828125e+00 -6.508334350585937500e+01 -9.045426940917968750e+01 1.360124206542968750e+02 4.292118549346923828e+00 2.211177368164062500e+02 3.634225130081176758e+00 3.360681056976318359e+00
4.633950000000000000e+05 1.119385449218750000e+04 8.233183593750000000e+03 1.904163085937500000e+04 2.152129516601562500e+02 1.392734680175781250e+02 2.231703186035156250e+02 1.292211914062500000e+02 3.572865486145019531e+00 2.047705993652343750e+02 4.684711456298828125e+00 4.939311027526855469e+00
4.634530000000000000e+05 5.451270703125000000e+04 1.750763085937500000e+04 3.561160156250000000e+04 1.319983367919921875e+02 -3.009598999023437500e+02 -5.455202484130859375e+01 1.372539672851562500e+02 3.839748144149780273e+00 2.111738586425781250e+02 4.127320766448974609e+00 4.077224254608154297e+00
4.637500000000000000e+05 7.463872656250000000e+04 6.502767578125000000e+04 6.494461718750000000e+04 1.090403976440429688e+02 -2.670529479980468750e+02 -2.287553863525390625e+02 1.536548461914062500e+02 4.268070697784423828e+00 2.239506378173828125e+02 4.092360973358154297e+00 3.520696163177490234e+00
4.641100000000000000e+05 4.722486328125000000e+04 4.619420898437500000e+03 4.555677343750000000e+04 3.479174041748046875e+01 -1.213326339721679688e+02 -2.225567779541015625e+02 1.478302154541015625e+02 3.806891918182373047e+00 2.281286163330078125e+02 4.416326999664306641e+00 3.974812746047973633e+00
4.642470000000000000e+05 2.634392578125000000e+04 2.312612890625000000e+04 5.543682421875000000e+04 -2.241389617919921875e+02 1.710137786865234375e+02 -1.945110473632812500e+02 1.337677612304687500e+02 4.460441589355468750e+00 2.167702941894531250e+02 5.161106586456298828e+00 4.916221141815185547e+00
4.645390000000000000e+05 1.283011523437500000e+04 4.307799218750000000e+04 2.750573632812500000e+04 -2.970924377441406250e+02 -2.983348999023437500e+02 4.588183288574218750e+02 1.463940582275390625e+02 5.518482208251953125e+00 2.498318786621093750e+02 5.398814678192138672e+00 4.121669769287109375e+00
4.647420000000000000e+05 1.932819091796875000e+03 2.867133203125000000e+04 1.189656152343750000e+04 7.787460327148437500e+01 5.174735641479492188e+01 3.904497680664062500e+02 1.206277618408203125e+02 4.152216911315917969e+00 2.215990753173828125e+02 5.417216777801513672e+00 5.800909996032714844e+00
4.648940000000000000e+05 4.647265625000000000e+04 1.849904882812500000e+04 6.637291406250000000e+04 -1.387760314941406250e+02 3.043814659118652344e+01 3.270686626434326172e+00 1.442516174316406250e+02 5.313708305358886719e+00 2.403143615722656250e+02 6.628929615020751953e+00 5.012222290039062500e+00
4.651360000000000000e+05 4.947010546875000000e+04 5.809078515625000000e+04 2.992215820312500000e+04 -4.840028762817382812e+01 8.405976104736328125e+01 4.990835571289062500e+01 1.351328735351562500e+02 5.894353389739990234e+00 2.570349426269531250e+02 5.253505706787109375e+00 4.213007450103759766e+00
4.652050000000000000e+05 6.409084765625000000e+04 1.916724023437500000e+04 5.354878906250000000e+04 5.637941741943359375e+01 -1.628913269042968750e+02 -1.164482116699218750e+02 1.477730865478515625e+02 4.791796684265136719e+00 2.597935791015625000e+02 3.767738103866577148e+00 2.468793153762817383e+00
4.653200000000000000e+05 2.373659179687500000e+04 4.100564453125000000e+04 5.039612890625000000e+04 3.931932067871093750e+01 5.537241210937500000e+02 -1.088441162109375000e+02 1.512431182861328125e+02 4.957693099975585938e+00 2.302224426269531250e+02 4.308197975158691406e+00 3.630093812942504883e+00
4.654950000000000000e+05 4.818917968750000000e+04 2.392180273437500000e+04 2.659503515625000000e+04 1.269034652709960938e+02 6.977833557128906250e+01 1.088466186523437500e+02 1.505112152099609375e+02 4.775791645050048828e+00 2.315268096923828125e+02 4.927903652191162109e+00 3.974604129791259766e+00
4.655480000000000000e+05 6.645943750000000000e+04 2.181592773437500000e+04 7.223971093750000000e+04 2.008491973876953125e+02 1.347074584960937500e+02 1.915549468994140625e+02 1.326160278320312500e+02 4.211535930633544922e+00 2.208671569824218750e+02 4.288594245910644531e+00 3.852409839630126953e+00
4.656140000000000000e+05 6.805143750000000000e+04 6.944368750000000000e+04 3.964360156250000000e+04 -2.115701751708984375e+02 -3.703690719604492188e+01 9.413908386230468750e+01 1.362988433837890625e+02 3.819541692733764648e+00 2.297122344970703125e+02 2.989715337753295898e+00 2.454389095306396484e+00
4.660030000000000000e+05 5.762818750000000000e+04 6.686538281250000000e+04 3.736302978515625000e+03 -3.573674011230468750e+01 3.354214096069335938e+01 6.556350708007812500e+01 1.477823333740234375e+02 4.005884647369384766e+00 2.287790069580078125e+02 3.631762504577636719e+00 3.064877748489379883e+00
4.660550000000000000e+05 5.764021484375000000e+03 1.520536743164062500e+03 2.325431054687500000e+04 1.493589324951171875e+02 3.332658386230468750e+02 1.051279354095458984e+01 1.478022766113281250e+02 4.834923744201660156e+00 2.539148712158203125e+02 4.319620132446289062e+00 2.984691858291625977e+00
4.661330000000000000e+05 3.471812133789062500e+02 5.885272265625000000e+04 6.748039843750000000e+04 2.301693420410156250e+02 -1.829341583251953125e+02 -3.227752380371093750e+02 1.483343200683593750e+02 5.657193183898925781e+00 2.353811492919921875e+02 5.908775806427001953e+00 4.816390037536621094e+00
4.663870000000000000e+05 2.568993359375000000e+04 5.632586328125000000e+04 4.317084960937500000e+02 -2.442276611328125000e+02 1.193362960815429688e+02 -1.834033203125000000e+02 1.265064010620117188e+02 5.510521888732910156e+00 2.531746063232421875e+02 5.360544204711914062e+00 4.047308921813964844e+00
4.664360000000000000e+05 3.446107421875000000e+04 1.348270263671875000e+03 6.800756250000000000e+04 -7.361243438720703125e+01 -2.929892578125000000e+02 3.952115173339843750e+02 1.208416366577148438e+02 3.575074911117553711e+00 2.164986114501953125e+02 3.868275880813598633e+00 4.432495594024658203e+00
4.667460000000000000e+05 3.982392187500000000e+04 4.462163671875000000e+04 6.446833984375000000e+04 -1.467831726074218750e+02 -2.615337219238281250e+02 -1.011264801025390625e+02 1.298290710449218750e+02 4.934229373931884766e+00 2.349888763427734375e+02 5.596657752990722656e+00 4.999207973480224609e+00
4.668940000000000000e+05 2.121031835937500000e+04 2.393494335937500000e+04 5.417933984375000000e+04 -8.351381683349609375e+01 1.331021270751953125e+02 -1.521970825195312500e+02 1.396618652343750000e+02 3.842253923416137695e+00 2.169825897216796875e+02 4.617261409759521484e+00 4.451898574829101562e+00
4.669580000000000000e+05 4.845207031250000000e+04 5.076795410156250000e+03 3.972967578125000000e+04 2.107865295410156250e+02 -2.033935699462890625e+02 -5.781203842163085938e+01 1.354963836669921875e+02 4.296964168548583984e+00 2.463563842773437500e+02 3.681816101074218750e+00 2.698279142379760742e+00
4.670110000000000000e+05 4.941207812500000000e+04 2.095541601562500000e+04 1.409290332031250000e+04 1.932389221191406250e+02 7.506317138671875000e+00 -5.453689575195312500e+01 1.418321838378906250e+02 5.249890327453613281e+00 2.253824005126953125e+02 6.809814453125000000e+00 5.815686702728271484e+00
4.670520000000000000e+05 4.115058203125000000e+04 2.194949218750000000e+04 1.474746875000000000e+04 -4.788162612915039062e+01 -1.918555831909179688e+01 -2.822090148925781250e+01 1.518456420898437500e+02 4.543585300445556641e+00 2.418565826416015625e+02 4.105453491210937500e+00 3.030830860137939453e+00
4.672560000000000000e+05 3.650719482421875000e+03 2.293706640625000000e+04 1.724004882812500000e+04 -4.557384948730468750e+02 1.364026336669921875e+02 4.744956359863281250e+02 1.322322845458984375e+02 4.879778385162353516e+00 2.359562683105468750e+02 4.685218334197998047e+00 4.215885639190673828e+00
4.673850000000000000e+05 5.897780273437500000e+03 1.587232421875000000e+04 2.285006640625000000e+04 -1.635425109863281250e+02 4.148281250000000000e+02 2.009326782226562500e+02 1.406681976318359375e+02 3.925046443939208984e+00 2.483812255859375000e+02 3.571575880050659180e+00 2.549613952636718750e+00
4.675750000000000000e+05 1.157145507812500000e+04 5.184114843750000000e+04 5.915396093750000000e+04 9.341466522216796875e+01 -5.585821914672851562e+01 -1.549154968261718750e+02 1.262669143676757812e+02 3.528795719146728516e+00 2.071844940185546875e+02 4.491250038146972656e+00 4.745812416076660156e+00
4.677000000000000000e+05 1.828882226562500000e+04 7.370682128906250000e+03 2.671811523437500000e+04 -2.252360076904296875e+02 1.832230987548828125e+02 1.950687408447265625e+02 1.545763549804687500e+02 5.211051464080810547e+00 2.506686706542968750e+02 5.885481834411621094e+00 4.201363563537597656e+00
4.677980000000000000e+05 4.594420312500000000e+04 6.569594531250000000e+04 4.741787500000000000e+04 -2.485048065185546875e+02 3.174118652343750000e+02 -4.206605529785156250e+02 1.177612762451171875e+02 3.656304359436035156e+00 2.144885101318359375e+02 4.661006450653076172e+00 4.422668933868408203e+00
4.678710000000000000e+05 2.128380859375000000e+04 5.549532421875000000e+04 5.865036718750000000e+04 -3.437098312377929688e+01 -7.813623046875000000e+01 -1.889884033203125000e+02 1.224538040161132812e+02 3.847760200500488281e+00 2.116067047119140625e+02 8.204027175903320312e+00 9.489366531372070312e+00
4.679190000000000000e+05 4.689076953125000000e+04 5.964996093750000000e+04 3.092790429687500000e+04 1.319372863769531250e+02 1.560179901123046875e+02 1.501837463378906250e+02 1.473530883789062500e+02 4.265446186065673828e+00 2.357969207763671875e+02 3.709689855575561523e+00 3.008244514465332031e+00
4.679580000000000000e+05 1.967577392578125000e+03 5.471077343750000000e+04 6.107330859375000000e+04 5.453497314453125000e+01 8.186029052734375000e+01 -3.839951171875000000e+02 1.483481597900390625e+02 5.903687477111816406e+00 2.458327026367187500e+02 7.740963935852050781e+00 5.724833488464355469e+00
4.680060000000000000e+05 3.256370703125000000e+04 6.944285937500000000e+04 6.874260156250000000e+04 -2.333912963867187500e+02 3.263301086425781250e+02 -9.388044738769531250e+01 1.366782379150390625e+02 3.912212610244750977e+00 2.392595825195312500e+02 2.961411952972412109e+00 2.283738374710083008e+00
4.680640000000000000e+05 1.132995703125000000e+04 2.625783789062500000e+04 2.167266601562500000e+03 -1.010913085937500000e+02 4.451192855834960938e+01 1.793782653808593750e+02 1.418166198730468750e+02 4.809253692626953125e+00 2.213379821777343750e+02 4.680272579193115234e+00 4.144284248352050781e+00
4.681100000000000000e+05 5.745809375000000000e+04 8.580190429687500000e+03 3.436213281250000000e+04 -1.324934082031250000e+02 -1.438931751251220703e+01 5.081193237304687500e+02 1.486002349853515625e+02 3.839348077774047852e+00 2.302684020996093750e+02 3.437018871307373047e+00 2.876890897750854492e+00
4.682510000000000000e+05 1.356498046875000000e+04 2.158363476562500000e+04 3.566497802734375000e+02 5.617455673217773438e+01 6.814158630371093750e+01 1.646082305908203125e+02 1.220701446533203125e+02 4.164228439331054688e+00 2.087833404541015625e+02 5.410347461700439453e+00 6.287718296051025391e+00
4.685900000000000000e+05 4.310050000000000000e+04 5.708402709960937500e+02 7.394350781250000000e+04 -2.823231506347656250e+02 1.673660125732421875e+02 -4.130498962402343750e+02 1.181832733154296875e+02 4.207098960876464844e+00 2.137914733886718750e+02 6.616876125335693359e+00 6.852090358734130859e+00
4.688170000000000000e+05 3.129670117187500000e+04 5.388000781250000000e+04 4.622986718750000000e+04 -3.369068603515625000e+02 9.179224395751953125e+01 1.272584991455078125e+02 1.271486206054687500e+02 3.673866271972656250e+00 2.201689147949218750e+02 4.052397251129150391e+00 4.173803806304931641e+00
4.689210000000000000e+05 1.053436914062500000e+04 3.907848437500000000e+04 2.768715625000000000e+04 -2.225668334960937500e+02 3.176391983032226562e+01 -7.200265884399414062e+00 1.231044692993164062e+02 5.795312881469726562e+00 2.261794738769531250e+02 6.724859714508056641e+00 6.267678260803222656e+00
4.690600000000000000e+05 1.334244824218750000e+04 9.485718750000000000e+03 3.294854687500000000e+04 -2.649324951171875000e+02 3.846363220214843750e+02 -3.283298950195312500e+02 1.448981781005859375e+02 4.643423557281494141e+00 2.369494781494140625e+02 5.026288986206054688e+00 3.871909618377685547e+00
4.691020000000000000e+05 2.835602148437500000e+04 6.456376562500000000e+04 1.201680908203125000e+03 -3.757295227050781250e+02 3.298013916015625000e+02 -1.676357421875000000e+02 1.195599288940429688e+02 3.533001184463500977e+00 2.105110778808593750e+02 3.962627410888671875e+00 4.386254310607910156e+00
4.691470000000000000e+05 2.388715039062500000e+04 4.814036328125000000e+04 4.582032775878906250e+02 -2.271080780029296875e+02 6.654259490966796875e+01 -2.512821044921875000e+02 1.408363647460937500e+02 5.748504638671875000e+00 2.486597747802734375e+02 5.694274902343750000e+00 4.148644924163818359e+00
4.692650000000000000e+05 6.015212890625000000e+04 6.147696484375000000e+04 5.132781640625000000e+04 2.956334533691406250e+02 4.121249008178710938e+01 -1.649757194519042969e+01 1.273007202148437500e+02 4.957699775695800781e+00 2.258619689941406250e+02 5.491914272308349609e+00 5.016578674316406250e+00
4.693770000000000000e+05 7.319806250000000000e+04 6.860849609375000000e+03 6.015618359375000000e+04 6.564151763916015625e+01 1.345917606353759766e+01 -1.577833557128906250e+02 1.331769866943359375e+02 3.821477890014648438e+00 2.476011657714843750e+02 3.143549919128417969e+00 2.340091466903686523e+00
4.694380000000000000e+05 2.865749804687500000e+04 3.049420703125000000e+04 5.147966406250000000e+04 -1.970735015869140625e+02 1.513849029541015625e+02 -1.607137451171875000e+02 1.283776397705078125e+02 5.499971389770507812e+00 2.296189880371093750e+02 6.510798931121826172e+00 5.816251754760742188e+00
4.694640000000000000e+05 6.474181640625000000e+04 6.145435937500000000e+04 5.092582031250000000e+04 3.735522155761718750e+02 -1.492524719238281250e+02 1.554342193603515625e+02 1.208640823364257812e+02 4.564660072326660156e+00 2.247025451660156250e+02 6.469170093536376953e+00 5.971872329711914062e+00
4.695020000000000000e+05 5.817757031250000000e+04 1.298655566406250000e+04 4.974094921875000000e+04 -2.874604797363281250e+02 -2.492694854736328125e+02 -1.128666305541992188e+02 1.222635879516601562e+02 4.494936943054199219e+00 2.108899383544921875e+02 6.520661830902099609e+00 6.904783248901367188e+00
4.696570000000000000e+05 2.626831445312500000e+04 5.046093750000000000e+04 6.517149218750000000e+04 -2.921720581054687500e+02 5.247996807098388672e+00 -2.018924713134765625e+02 1.333363037109375000e+02 4.826794147491455078e+00 2.160330963134765625e+02 4.662900924682617188e+00 4.596568584442138672e+00
4.697400000000000000e+05 5.036880078125000000e+04 2.280543359375000000e+04 3.202850390625000000e+04 3.074498939514160156e+01 -4.992203712463378906e+00 2.520404815673828125e+01 1.230401153564453125e+02 4.001803874969482422e+00 2.043679351806640625e+02 3.917045593261718750e+00 4.058462619781494141e+00
4.698790000000000000e+05 2.695521093750000000e+04 6.845492968750000000e+04 5.514869921875000000e+04 1.497369995117187500e+02 -2.149407501220703125e+02 -1.998055839538574219e+01 1.321048431396484375e+02 4.415466785430908203e+00 2.087684173583984375e+02 4.744644165039062500e+00 4.766062259674072266e+00
4.699300000000000000e+05 5.969317382812500000e+03 5.298442578125000000e+04 2.761865820312500000e+04 2.656241798400878906e+01 -2.689831237792968750e+02 1.437183837890625000e+02 1.169407196044921875e+02 5.367401599884033203e+00 2.260405578613281250e+02 6.314830780029296875e+00 5.897162914276123047e+00
4.701340000000000000e+05 5.188116406250000000e+04 3.826750781250000000e+04 7.176319531250000000e+04 -2.772540893554687500e+02 -9.193710327148437500e+01 -3.093353271484375000e+01 1.487080383300781250e+02 4.413630008697509766e+00 2.642143859863281250e+02 3.556772470474243164e+00 2.196036815643310547e+00
4.701780000000000000e+05 1.416993457031250000e+04 5.700727343750000000e+04 4.761631640625000000e+04 -3.299382019042968750e+01 -5.621660766601562500e+02 2.041965026855468750e+02 1.378580474853515625e+02 4.501098632812500000e+00 2.199609069824218750e+02 6.300137042999267578e+00 5.750430583953857422e+00
4.704930000000000000e+05 1.135775585937500000e+04 4.498614453125000000e+04 2.013462500000000000e+04 -5.517460632324218750e+01 -1.944361724853515625e+02 1.857866821289062500e+02 1.504151458740234375e+02 3.767746448516845703e+00 2.265393066406250000e+02 3.874116182327270508e+00 3.452069759368896484e+00
4.706170000000000000e+05 4.167302734375000000e+03 6.435575000000000000e+04 6.751321875000000000e+04 1.334467468261718750e+02 -2.323303070068359375e+02 -1.494098281860351562e+01 1.195185775756835938e+02 4.315388202667236328e+00 2.401883697509765625e+02 5.011974811553955078e+00 3.897826671600341797e+00
4.711090000000000000e+05 3.637364843750000000e+04 7.474312500000000000e+04 3.591551171875000000e+04 2.764408569335937500e+02 -8.515125274658203125e+01 1.712942962646484375e+02 1.197140350341796875e+02 4.598880290985107422e+00 2.055630035400390625e+02 4.435389041900634766e+00 4.833258152008056641e+00
4.714200000000000000e+05 1.581313281250000000e+04 5.387218750000000000e+04 4.933639453125000000e+04 -8.634799194335937500e+01 -7.586809082031250000e+02 -1.141496734619140625e+02 1.254014282226562500e+02 4.980247020721435547e+00 2.175157928466796875e+02 5.755104541778564453e+00 5.931624412536621094e+00
4.715910000000000000e+05 2.014902221679687500e+03 2.881260937500000000e+04 1.119554003906250000e+04 1.206369042396545410e+00 -1.035605163574218750e+02 4.387278137207031250e+02 1.188527450561523438e+02 3.745239257812500000e+00 1.972969818115234375e+02 5.169975757598876953e+00 6.552009582519531250e+00
4.718570000000000000e+05 1.343353027343750000e+04 4.418503125000000000e+04 1.279464721679687500e+03 -1.145278625488281250e+02 -1.200078582763671875e+02 -1.054398727416992188e+02 1.137128982543945312e+02 6.570011138916015625e+00 2.259951019287109375e+02 6.219263553619384766e+00 5.444287776947021484e+00
4.721740000000000000e+05 3.072066015625000000e+04 5.447040234375000000e+04 4.826369140625000000e+04 -2.813428955078125000e+02 -1.511149120330810547e+01 -1.163243675231933594e+01 1.267410049438476562e+02 6.046220302581787109e+00 2.497492828369140625e+02 7.207440376281738281e+00 5.143101692199707031e+00
4.723620000000000000e+05 3.572700781250000000e+04 3.817922656250000000e+04 3.362423437500000000e+04 -1.434028472900390625e+02 1.271756362915039062e+01 2.760681762695312500e+02 1.328555145263671875e+02 4.643712520599365234e+00 2.453564147949218750e+02 4.112038612365722656e+00 2.959316492080688477e+00
4.724570000000000000e+05 4.125125390625000000e+04 4.807985156250000000e+04 3.734853515625000000e+04 -5.912305068969726562e+01 1.002051925659179688e+02 -1.704533576965332031e+01 1.159470748901367188e+02 3.572937011718750000e+00 2.023153076171875000e+02 4.655642509460449219e+00 5.208029747009277344e+00
4.724990000000000000e+05 6.816289062500000000e+04 1.580851562500000000e+04 5.422452343750000000e+04 9.866661071777343750e+01 -6.689643859863281250e+01 -6.402114105224609375e+01 1.243532333374023438e+02 4.212550163269042969e+00 2.153475494384765625e+02 5.023009777069091797e+00 4.852279663085937500e+00
4.726410000000000000e+05 8.111229248046875000e+02 5.323512500000000000e+04 5.274391406250000000e+04 7.826745605468750000e+01 -1.251847305297851562e+02 2.792899475097656250e+02 1.419590911865234375e+02 4.112062931060791016e+00 2.551708221435546875e+02 3.928060531616210938e+00 2.796113967895507812e+00
4.731250000000000000e+05 1.573590625000000000e+04 8.248909179687500000e+03 3.572967968750000000e+04 -2.166443786621093750e+02 2.176045074462890625e+02 -2.193597564697265625e+02 1.196563262939453125e+02 3.816893815994262695e+00 2.346578216552734375e+02 3.169588804244995117e+00 2.604469299316406250e+00
4.731660000000000000e+05 3.174991210937500000e+04 6.471932812500000000e+04 5.177623437500000000e+04 -1.796583557128906250e+02 7.227571868896484375e+01 -2.713352966308593750e+02 1.419780578613281250e+02 4.314276695251464844e+00 2.503357086181640625e+02 3.425847530364990234e+00 2.360070943832397461e+00
4.736410000000000000e+05 5.643922851562500000e+03 1.107591406250000000e+04 3.483612890625000000e+04 3.488097534179687500e+02 -2.497656822204589844e+00 -1.142565383911132812e+02 1.261843490600585938e+02 5.346595287322998047e+00 2.168357849121093750e+02 6.717925071716308594e+00 7.019297122955322266e+00
4.738580000000000000e+05 3.789437890625000000e+04 1.983798437500000000e+04 5.683226562500000000e+04 -3.921993637084960938e+01 -5.282399177551269531e+00 -2.280236816406250000e+02 1.476755981445312500e+02 4.299428462982177734e+00 2.207805480957031250e+02 4.634392261505126953e+00 4.313688755035400391e+00
4.741270000000000000e+05 7.498002343750000000e+04 6.033340332031250000e+03 3.284355859375000000e+04 2.965035676956176758e+00 4.560226135253906250e+02 1.409910202026367188e+01 1.189605178833007812e+02 4.386952877044677734e+00 2.439011535644531250e+02 3.551423788070678711e+00 2.595056295394897461e+00
4.741700000000000000e+05 5.332747265625000000e+04 6.989007812500000000e+04 2.183239648437500000e+04 7.424744415283203125e+01 3.529589080810546875e+01 2.463635864257812500e+02 1.333319244384765625e+02 3.946124076843261719e+00 2.229054565429687500e+02 6.039019584655761719e+00 5.700862407684326172e+00
4.742040000000000000e+05 4.055806640625000000e+04 4.014240234375000000e+04 9.080287109375000000e+03 -9.692957305908203125e+01 -1.200498046875000000e+02 -7.169729614257812500e+01 1.233496856689453125e+02 4.410418987274169922e+00 2.195843048095703125e+02 4.280894279479980469e+00 3.917816877365112305e+00
4.742310000000000000e+05 7.205054687500000000e+04 1.658492578125000000e+04 7.177378125000000000e+04 5.509362792968750000e+01 1.875930023193359375e+02 1.352448425292968750e+02 1.265823516845703125e+02 4.803791046142578125e+00 2.278049774169921875e+02 5.235198020935058594e+00 4.571166038513183594e+00
4.746230000000000000e+05 3.452160546875000000e+04 4.043987890625000000e+04 5.473888281250000000e+04 -2.863580627441406250e+02 1.040409469604492188e+02 -8.922141075134277344e+00 1.094224166870117188e+02 3.533805608749389648e+00 2.001833343505859375e+02 4.153098583221435547e+00 4.821798324584960938e+00
4.748130000000000000e+05 1.680442578125000000e+04 1.712928906250000000e+04 2.741929101562500000e+04 -1.350659332275390625e+02 -2.851777076721191406e+01 1.182285919189453125e+02 1.122984924316406250e+02 4.005819797515869141e+00 2.158267364501953125e+02 5.412600994110107422e+00 5.338828563690185547e+00
4.751710000000000000e+05 3.565003906250000000e+04 5.001958203125000000e+04 3.687462109375000000e+04 -9.263370513916015625e+01 2.922859573364257812e+01 1.675405731201171875e+02 1.424318084716796875e+02 3.915742635726928711e+00 2.500055084228515625e+02 3.399806499481201172e+00 2.407107353210449219e+00
4.754900000000000000e+05 3.481344140625000000e+04 3.876676171875000000e+04 3.493805078125000000e+04 -1.358815002441406250e+02 1.577450370788574219e+01 2.927489624023437500e+02 1.166770172119140625e+02 4.716012477874755859e+00 2.352112426757812500e+02 4.826298713684082031e+00 4.314436912536621094e+00
4.758650000000000000e+05 4.907308593750000000e+03 1.570912792968750000e+04 5.056226171875000000e+04 1.130087738037109375e+02 -5.806421279907226562e+00 -6.064075469970703125e+01 1.279670715332031250e+02 4.672708511352539062e+00 2.082778320312500000e+02 4.428726673126220703e+00 4.923788547515869141e+00
4.761180000000000000e+05 3.943367919921875000e+03 5.089803125000000000e+04 2.829922180175781250e+02 2.034505615234375000e+02 -1.183001403808593750e+02 -2.434237823486328125e+02 1.263501281738281250e+02 4.209586620330810547e+00 2.321100006103515625e+02 3.519851922988891602e+00 2.877411365509033203e+00
4.769970000000000000e+05 1.843277929687500000e+04 7.333630468750000000e+04 8.630733398437500000e+03 -1.769222259521484375e+02 4.855007629394531250e+02 -3.757840881347656250e+02 1.094467010498046875e+02 4.128995895385742188e+00 2.240455474853515625e+02 6.877678394317626953e+00 6.478667736053466797e+00
4.770890000000000000e+05 4.303325390625000000e+04 4.993639453125000000e+04 2.767355859375000000e+04 -1.178584060668945312e+02 8.311930656433105469e+00 1.343904113769531250e+02 9.511292266845703125e+01 3.709689140319824219e+00 2.160756530761718750e+02 3.972413778305053711e+00 3.833065271377563477e+00
4.771190000000000000e+05 6.825166406250000000e+04 3.348899169921875000e+03 4.232769921875000000e+04 -1.586566314697265625e+02 3.246521711349487305e+00 -1.627665405273437500e+02 1.273451232910156250e+02 3.712105512619018555e+00 1.927517089843750000e+02 4.268350601196289062e+00 5.090550899505615234e+00
4.775180000000000000e+05 1.980230664062500000e+04 5.252326562500000000e+04 5.296503125000000000e+04 -1.448928527832031250e+02 -2.672332153320312500e+02 -2.209354858398437500e+02 1.097770996093750000e+02 5.420405387878417969e+00 2.368047943115234375e+02 6.698630332946777344e+00 5.503824234008789062e+00
4.782470000000000000e+05 1.094751074218750000e+04 2.393926953125000000e+04 1.093960644531250000e+04 -3.149884948730468750e+02 -3.464070129394531250e+01 2.764466667175292969e+01 1.306022644042968750e+02 3.545253276824951172e+00 2.123139648437500000e+02 3.623187065124511719e+00 3.634104490280151367e+00
4.782980000000000000e+05 5.751762500000000000e+04 7.395368750000000000e+04 4.810705078125000000e+04 3.259606933593750000e+01 -1.130271377563476562e+02 -3.435350952148437500e+02 1.380251922607421875e+02 3.710131883621215820e+00 2.219243164062500000e+02 3.015710592269897461e+00 2.724333763122558594e+00
4.784520000000000000e+05 7.241017187500000000e+04 4.893843750000000000e+04 5.662475781250000000e+04 5.608448486328125000e+02 4.463886718750000000e+02 -2.438803100585937500e+02 1.104006347656250000e+02 4.211416244506835938e+00 2.060644378662109375e+02 5.194159507751464844e+00 5.583743572235107422e+00
4.784960000000000000e+05 3.550256250000000000e+04 2.207008203125000000e+04 2.750469140625000000e+04 -1.328631439208984375e+02 -2.905539989471435547e+00 1.840720672607421875e+02 1.288733673095703125e+02 4.541996955871582031e+00 2.208502349853515625e+02 5.422605514526367188e+00 4.946728229522705078e+00
4.786610000000000000e+05 2.404096679687500000e+03 5.522470312500000000e+04 6.513364453125000000e+04 2.010647430419921875e+02 8.045359802246093750e+01 -3.850513610839843750e+02 1.130453948974609375e+02 3.728860139846801758e+00 2.270112915039062500e+02 3.128653764724731445e+00 2.733034133911132812e+00
4.786960000000000000e+05 1.943198828125000000e+04 4.659760156250000000e+04 3.208709375000000000e+04 -1.859356079101562500e+02 -7.850595855712890625e+01 2.242162322998046875e+02 1.073678359985351562e+02 3.621401786804199219e+00 2.281875305175781250e+02 3.739124059677124023e+00 3.185954093933105469e+00
4.792640000000000000e+05 2.256381250000000000e+04 4.351722656250000000e+03 2.731708593750000000e+04 -2.204308471679687500e+02 2.132564086914062500e+02 4.754019165039062500e+01 1.037478637695312500e+02 3.618287801742553711e+00 2.063874664306640625e+02 3.542017459869384766e+00 3.582153320312500000e+00
4.798390000000000000e+05 5.420662890625000000e+04 2.110202929687500000e+04 5.270656738281250000e+03 3.863038253784179688e+01 3.161532020568847656e+01 4.169808578491210938e+01 1.034780731201171875e+02 3.931936264038085938e+00 2.132079467773437500e+02 4.579010963439941406e+00 4.606644153594970703e+00
4.801940000000000000e+05 6.858985156250000000e+04 2.267739843750000000e+04 2.413164648437500000e+04 2.513862457275390625e+02 -4.519835205078125000e+02 -2.805559997558593750e+02 1.114170532226562500e+02 4.480651378631591797e+00 2.158509368896484375e+02 5.808121681213378906e+00 6.159802913665771484e+00
4.803450000000000000e+05 1.317469726562500000e+04 4.479360937500000000e+04 1.679307421875000000e+04 -5.774964904785156250e+01 -1.528665466308593750e+02 9.994744110107421875e+01 1.095354156494140625e+02 3.577379941940307617e+00 1.994450531005859375e+02 4.798540115356445312e+00 5.823055267333984375e+00
4.803910000000000000e+05 4.256466015625000000e+04 3.236362109375000000e+04 7.417903125000000000e+04 3.469278335571289062e+01 1.681414947509765625e+02 -6.238192749023437500e+01 1.147428207397460938e+02 3.819468498229980469e+00 2.205383605957031250e+02 4.354271411895751953e+00 4.067494869232177734e+00
4.805500000000000000e+05 5.351772656250000000e+04 6.666373437500000000e+04 9.212432617187500000e+03 -4.695503616333007812e+01 1.795247650146484375e+02 1.113008728027343750e+02 1.109966506958007812e+02 4.942864418029785156e+00 2.151183776855468750e+02 7.276572704315185547e+00 7.777427673339843750e+00
4.805870000000000000e+05 5.153900000000000000e+04 1.025968261718750000e+04 3.806928906250000000e+04 3.124004516601562500e+02 -2.650859985351562500e+02 4.824258804321289062e+01 1.124021377563476562e+02 3.648488998413085938e+00 2.571466064453125000e+02 2.697315454483032227e+00 1.765252113342285156e+00
4.807500000000000000e+05 3.877782812500000000e+04 1.985401757812500000e+04 5.620938671875000000e+04 -2.165235290527343750e+02 -7.424825286865234375e+01 -1.376631622314453125e+02 1.073966369628906250e+02 3.595413923263549805e+00 2.164741058349609375e+02 3.846346616744995117e+00 3.787891387939453125e+00
4.808790000000000000e+05 8.630274414062500000e+03 6.980827343750000000e+04 6.885572753906250000e+03 3.091436767578125000e+02 2.487811431884765625e+02 -1.296209621429443359e+01 9.315958404541015625e+01 4.130554676055908203e+00 2.060593719482421875e+02 5.631411075592041016e+00 5.913599491119384766e+00
4.810360000000000000e+05 4.585992187500000000e+04 3.916046484375000000e+04 7.162385937500000000e+04 -5.600253295898437500e+02 -3.430489730834960938e+01 -2.439522094726562500e+02 1.193877410888671875e+02 4.215318202972412109e+00 2.228598327636718750e+02 4.609493255615234375e+00 4.822412967681884766e+00
4.811260000000000000e+05 6.962185937500000000e+04 2.193095312500000000e+04 2.047202929687500000e+04 5.375367431640625000e+02 5.977096176147460938e+01 4.317073974609375000e+02 9.935461425781250000e+01 3.852364301681518555e+00 2.145114746093750000e+02 4.225288391113281250e+00 4.373912811279296875e+00
4.812540000000000000e+05 6.104192871093750000e+03 3.587417187500000000e+04 4.506064843750000000e+04 2.181881561279296875e+02 3.247974014282226562e+01 2.560294914245605469e+01 1.163298263549804688e+02 3.988312721252441406e+00 2.180197448730468750e+02 4.404707908630371094e+00 4.030093193054199219e+00
4.827140000000000000e+05 1.738420117187500000e+04 4.811101074218750000e+03 1.361835839843750000e+04 -1.859880523681640625e+02 -2.040805244445800781e+01 -2.115583953857421875e+02 1.133706436157226562e+02 4.028979301452636719e+00 2.081853485107421875e+02 3.982481956481933594e+00 4.162391185760498047e+00
4.827570000000000000e+05 1.927392968750000000e+04 5.824827343750000000e+04 5.114834765625000000e+04 5.893947982788085938e+01 -5.133619384765625000e+02 -1.768123817443847656e+01 1.053028411865234375e+02 3.660135507583618164e+00 2.059076385498046875e+02 4.264129161834716797e+00 4.499630451202392578e+00
4.829870000000000000e+05 5.569340820312500000e+03 3.519503125000000000e+04 4.972019140625000000e+04 2.979724426269531250e+02 6.445383453369140625e+01 9.362244415283203125e+01 1.174991226196289062e+02 4.022620201110839844e+00 2.237280273437500000e+02 4.013626098632812500e+00 3.458719015121459961e+00
4.831790000000000000e+05 1.393651171875000000e+04 2.005393945312500000e+04 3.625366943359375000e+03 8.492159271240234375e+01 -3.233681106567382812e+01 8.210358428955078125e+01 1.106752777099609375e+02 4.595837116241455078e+00 2.093255767822265625e+02 6.259330272674560547e+00 7.055167675018310547e+00
4.832690000000000000e+05 3.079585351562500000e+04 3.597546875000000000e+04 5.824401171875000000e+04 -1.294068603515625000e+02 2.282107238769531250e+02 -2.401601867675781250e+02 1.241285247802734375e+02 4.379140853881835938e+00 2.209454956054687500e+02 5.404894828796386719e+00 5.475243091583251953e+00
4.834840000000000000e+05 6.546142578125000000e+04 2.095930859375000000e+04 2.164234179687500000e+04 6.022254638671875000e+02 6.696806335449218750e+01 3.012012023925781250e+02 1.160725097656250000e+02 3.787835359573364258e+00 2.373776855468750000e+02 3.429203748703002930e+00 2.772251605987548828e+00
4.836930000000000000e+05 2.021637109375000000e+04 4.623495312500000000e+04 6.848555468750000000e+04 -2.511969757080078125e+02 1.453107910156250000e+02 -2.207473907470703125e+02 1.144175872802734375e+02 3.668111562728881836e+00 2.116550140380859375e+02 4.282808303833007812e+00 4.233220577239990234e+00
4.838120000000000000e+05 3.977555078125000000e+04 4.954069824218750000e+03 6.071441796875000000e+04 -1.801961364746093750e+02 -1.870154418945312500e+02 -1.436528778076171875e+02 1.110590515136718750e+02 3.747465848922729492e+00 2.141840209960937500e+02 5.531877994537353516e+00 6.296176910400390625e+00
4.838680000000000000e+05 4.015182812500000000e+04 3.760970703125000000e+04 7.158375781250000000e+04 3.183057556152343750e+02 -1.931481475830078125e+02 -3.181785278320312500e+02 1.105895614624023438e+02 4.582535743713378906e+00 2.178339538574218750e+02 5.965371608734130859e+00 5.718916893005371094e+00
4.839000000000000000e+05 3.628412500000000000e+04 2.200591406250000000e+04 2.772871679687500000e+04 -1.967400665283203125e+02 -1.727285957336425781e+01 1.507178192138671875e+02 1.017359161376953125e+02 4.084420204162597656e+00 2.143585205078125000e+02 4.703799724578857422e+00 5.115349769592285156e+00
4.841130000000000000e+05 2.277605078125000000e+04 3.957996093750000000e+04 4.439349218750000000e+04 4.821554870605468750e+02 -4.741506958007812500e+01 1.032529373168945312e+02 1.142333831787109375e+02 4.279885292053222656e+00 2.326797027587890625e+02 3.960967063903808594e+00 3.327952146530151367e+00
4.842570000000000000e+05 7.352162500000000000e+04 7.017757812500000000e+04 3.782424316406250000e+03 1.505364685058593750e+02 -3.211755752563476562e+01 8.413238525390625000e+01 1.061269912719726562e+02 3.546525239944458008e+00 2.263944244384765625e+02 2.689710617065429688e+00 2.270419597625732422e+00
4.843070000000000000e+05 1.547412207031250000e+04 6.364710156250000000e+04 7.372155468750000000e+04 3.097698669433593750e+02 -3.077184448242187500e+02 -6.763346862792968750e+01 1.060039978027343750e+02 4.082855224609375000e+00 2.166906433105468750e+02 7.341367244720458984e+00 7.738498687744140625e+00
4.844270000000000000e+05 5.896567187500000000e+04 2.487072656250000000e+04 2.314700000000000000e+04 3.005841369628906250e+02 -5.719519805908203125e+01 2.461731147766113281e+01 1.127506408691406250e+02 3.646074771881103516e+00 2.315945129394531250e+02 2.765572071075439453e+00 2.225256681442260742e+00
4.847150000000000000e+05 2.012522656250000000e+04 5.351604687500000000e+04 5.565150781250000000e+04 -2.559326171875000000e+02 2.500251007080078125e+01 -4.064228515625000000e+02 1.053058853149414062e+02 3.798094987869262695e+00 1.996384582519531250e+02 4.750912189483642578e+00 5.365327835083007812e+00
4.848180000000000000e+05 3.501256250000000000e+04 6.630268750000000000e+04 3.150156250000000000e+04 -4.310408115386962891e+00 -1.778830337524414062e+01 3.240103454589843750e+02 1.159468078613281250e+02 3.894988775253295898e+00 2.410959167480468750e+02 3.966553211212158203e+00 3.029370546340942383e+00
4.849050000000000000e+05 1.262049707031250000e+04 7.507137207031250000e+03 2.707701171875000000e+04 4.189402389526367188e+01 4.789635925292968750e+02 9.635462951660156250e+01 1.044038391113281250e+02 3.816640377044677734e+00 2.048064422607421875e+02 5.593361377716064453e+00 6.144703388214111328e+00
4.850170000000000000e+05 1.885663476562500000e+04 6.116941015625000000e+04 7.127138281250000000e+04 -8.511721038818359375e+01 -2.496373443603515625e+02 1.002369461059570312e+02 1.145660934448242188e+02 3.668287277221679688e+00 2.459746246337890625e+02 2.907052993774414062e+00 2.089345216751098633e+00
4.852330000000000000e+05 6.894693750000000000e+04 2.048098242187500000e+04 2.593852539062500000e+04 2.367309722900390625e+02 -3.025535888671875000e+02 -2.918683776855468750e+02 1.111602249145507812e+02 4.990610599517822266e+00 2.142038116455078125e+02 5.792968273162841797e+00 5.682676792144775391e+00
4.852830000000000000e+05 1.931113281250000000e+04 4.586726171875000000e+04 6.955039843750000000e+04 -2.766204833984375000e+02 1.375837249755859375e+02 -2.288897399902343750e+02 1.013556976318359375e+02 3.675850629806518555e+00 2.080704956054687500e+02 6.481762886047363281e+00 7.471240520477294922e+00
4.853260000000000000e+05 3.413292187500000000e+04 3.436064843750000000e+04 5.608174316406250000e+03 -1.269288787841796875e+02 -2.333647155761718750e+02 4.128572082519531250e+01 1.022184219360351562e+02 4.174994468688964844e+00 2.011683349609375000e+02 6.186520099639892578e+00 7.640627384185791016e+00
4.853650000000000000e+05 2.798256054687500000e+04 2.654908789062500000e+04 7.337432031250000000e+04 -3.404918289184570312e+01 5.928711700439453125e+01 -4.653616333007812500e+01 1.223968811035156250e+02 4.204353332519531250e+00 2.292411346435546875e+02 4.043591022491455078e+00 3.398361921310424805e+00
4.859510000000000000e+05 2.791958984375000000e+04 1.577465667724609375e+02 8.195949218750000000e+03 -3.072834777832031250e+02 1.495640563964843750e+02 -1.940621643066406250e+02 1.140154953002929688e+02 3.608712434768676758e+00 2.046077728271484375e+02 3.147167444229125977e+00 3.275264501571655273e+00
4.860520000000000000e+05 1.241702636718750000e+04 3.778424609375000000e+04 4.247686718750000000e+04 1.692437286376953125e+02 1.998198242187500000e+02 4.672008895874023438e+01 1.090763473510742188e+02 3.994404077529907227e+00 2.200119018554687500e+02 3.890572786331176758e+00 3.634243965148925781e+00
4.861240000000000000e+05 1.889907812500000000e+04 5.252129687500000000e+04 5.652758593750000000e+04 5.925320816040039062e+01 -4.950801467895507812e+01 -2.827125244140625000e+02 1.150807876586914062e+02 3.772631168365478516e+00 2.331669464111328125e+02 3.611157894134521484e+00 2.932386875152587891e+00
##4.863410000000000000e+05 2.453348046875000000e+04 3.249111132812500000e+04 4.043965625000000000e+04 -1.415742492675781250e+02 6.079577636718750000e+02 -3.345233154296875000e+02 1.001003417968750000e+02 4.911446571350097656e+00 2.556782684326171875e+02 3.898546695709228516e+00 2.613127231597900391e+00
4.868280000000000000e+05 5.591098046875000000e+04 7.339930468750000000e+04 4.590257812500000000e+04 -2.522875404357910156e+01 -1.491682891845703125e+02 -3.366969299316406250e+02 1.098283920288085938e+02 3.784161806106567383e+00 2.417283782958984375e+02 3.203081846237182617e+00 2.370506763458251953e+00
4.869660000000000000e+05 5.042740234375000000e+03 6.047670312500000000e+04 6.575463281250000000e+04 4.515888595581054688e+01 -1.916926727294921875e+02 -8.179147338867187500e+01 9.655929565429687500e+01 4.040636062622070312e+00 2.221779174804687500e+02 4.376646518707275391e+00 3.887907266616821289e+00
4.870420000000000000e+05 3.199938476562500000e+03 2.639183398437500000e+04 5.632815625000000000e+04 1.239561767578125000e+02 1.502118072509765625e+02 1.039302215576171875e+02 1.042570419311523438e+02 3.522780895233154297e+00 2.065267944335937500e+02 3.570873975753784180e+00 3.677275657653808594e+00
4.870720000000000000e+05 6.166189453125000000e+03 2.124212890625000000e+04 6.617475781250000000e+04 2.178582763671875000e+02 7.995484924316406250e+01 -4.201978683471679688e+01 1.152211303710937500e+02 3.946906089782714844e+00 2.317910919189453125e+02 5.026039600372314453e+00 4.243784904479980469e+00
4.872440000000000000e+05 2.642028710937500000e+04 6.476256835937500000e+03 6.533753515625000000e+04 2.226887893676757812e+01 -4.682072639465332031e+00 9.382025146484375000e+01 9.313924407958984375e+01 4.542891502380371094e+00 2.138888702392578125e+02 6.603702545166015625e+00 6.505780696868896484e+00
4.889060000000000000e+05 4.732501953125000000e+04 8.070868164062500000e+03 4.641325390625000000e+04 4.844290542602539062e+01 -1.796801147460937500e+02 -2.024434204101562500e+02 1.108843917846679688e+02 4.329596519470214844e+00 2.578716125488281250e+02 3.273741245269775391e+00 2.126518726348876953e+00
4.893140000000000000e+05 3.505311718750000000e+04 7.396322656250000000e+04 5.024383593750000000e+04 1.293302459716796875e+02 -7.718729400634765625e+01 -2.669703063964843750e+02 1.100920181274414062e+02 3.863760709762573242e+00 2.120594177246093750e+02 4.987427711486816406e+00 4.971861362457275391e+00
4.894620000000000000e+05 6.909407812500000000e+04 5.317187500000000000e+04 2.827487890625000000e+04 1.438558959960937500e+02 -1.013489913940429688e+02 6.292550277709960938e+01 1.068813705444335938e+02 3.814664602279663086e+00 2.235314331054687500e+02 3.640089035034179688e+00 3.243915081024169922e+00
4.895930000000000000e+05 1.364422656250000000e+04 5.799568359375000000e+04 6.823142700195312500e+02 1.394533386230468750e+02 1.394498291015625000e+02 -4.633922729492187500e+02 9.730479431152343750e+01 3.841608524322509766e+00 2.222673797607421875e+02 5.418395519256591797e+00 5.172093868255615234e+00
4.898120000000000000e+05 2.128523046875000000e+04 5.294041406250000000e+04 5.399630468750000000e+04 -1.257145881652832031e+01 -3.842791442871093750e+02 6.006911277770996094e+00 1.002352371215820312e+02 3.754493951797485352e+00 2.277610015869140625e+02 4.130393981933593750e+00 3.614318609237670898e+00
4.901720000000000000e+05 6.618840942382812500e+02 4.055700000000000000e+04 5.613807421875000000e+04 3.939493103027343750e+02 2.767762451171875000e+02 9.401638031005859375e+01 1.026851043701171875e+02 3.520360231399536133e+00 1.982959899902343750e+02 3.803501605987548828e+00 4.436604022979736328e+00
4.905770000000000000e+05 7.049725585937500000e+03 1.075150488281250000e+04 3.701845703125000000e+04 7.693388366699218750e+01 1.604555969238281250e+02 -2.749893493652343750e+02 9.990411376953125000e+01 4.332657337188720703e+00 2.215424041748046875e+02 5.065881252288818359e+00 4.454905033111572266e+00
4.910660000000000000e+05 1.107677832031250000e+04 5.089815625000000000e+04 4.472351171875000000e+04 -1.217237625122070312e+02 2.306634368896484375e+02 7.479312133789062500e+02 1.058192749023437500e+02 4.161260128021240234e+00 2.159623107910156250e+02 4.699641227722167969e+00 4.701280117034912109e+00
4.912820000000000000e+05 6.628969531250000000e+04 2.921173632812500000e+04 7.307210156250000000e+04 2.980400085449218750e+02 1.148376464843750000e+02 8.706024932861328125e+01 8.974346160888671875e+01 3.534932136535644531e+00 2.157869110107421875e+02 3.646406173706054688e+00 3.562102794647216797e+00
4.919010000000000000e+05 5.730335156250000000e+04 1.851284790039062500e+03 3.706308203125000000e+04 2.595692138671875000e+02 -3.907523193359375000e+02 3.214017639160156250e+02 9.646231079101562500e+01 3.869209766387939453e+00 2.144257812500000000e+02 4.794299602508544922e+00 4.499661445617675781e+00
4.923260000000000000e+05 5.773275878906250000e+03 1.338698046875000000e+04 1.197022167968750000e+04 1.404402008056640625e+02 1.546971435546875000e+02 3.231231689453125000e+02 1.109918289184570312e+02 4.211814880371093750e+00 2.224303436279296875e+02 4.660367012023925781e+00 4.064895153045654297e+00
4.923920000000000000e+05 4.662753515625000000e+04 3.915739453125000000e+04 7.071964843750000000e+04 -2.956156311035156250e+02 -6.037662353515625000e+02 -2.732667236328125000e+02 1.008326187133789062e+02 3.913973331451416016e+00 2.196102905273437500e+02 4.216910362243652344e+00 3.916860342025756836e+00
4.926140000000000000e+05 7.454415625000000000e+04 4.985625390625000000e+04 2.911927148437500000e+04 6.088879394531250000e+01 -3.248783111572265625e+01 1.975835876464843750e+02 1.051490478515625000e+02 3.899478197097778320e+00 2.218417816162109375e+02 4.076706886291503906e+00 3.738848924636840820e+00
4.934910000000000000e+05 6.329895312500000000e+04 4.926617578125000000e+04 7.132758300781250000e+03 2.908709411621093750e+02 -6.943998718261718750e+01 9.167425537109375000e+01 8.769702148437500000e+01 3.557424545288085938e+00 2.180553436279296875e+02 4.131532192230224609e+00 4.215109825134277344e+00
4.939200000000000000e+05 6.911018750000000000e+04 1.841433203125000000e+04 8.277986328125000000e+03 1.517052612304687500e+02 2.718959045410156250e+02 1.937209472656250000e+02 1.082563705444335938e+02 3.843487977981567383e+00 2.453789672851562500e+02 3.154105901718139648e+00 2.296875000000000000e+00
4.940090000000000000e+05 9.031432617187500000e+03 6.784415625000000000e+04 3.413386962890625000e+03 3.284693603515625000e+02 1.200720977783203125e+01 -3.082128143310546875e+01 1.117717742919921875e+02 4.301937580108642578e+00 2.361804962158203125e+02 3.900077581405639648e+00 3.143369913101196289e+00
4.946670000000000000e+05 1.349795703125000000e+04 5.925745605468750000e+03 2.472678320312500000e+04 5.707646179199218750e+01 3.606941223144531250e+02 -3.161964225769042969e+01 9.760016632080078125e+01 3.796816349029541016e+00 2.524508666992187500e+02 2.788341283798217773e+00 1.910155653953552246e+00
4.958540000000000000e+05 5.013266796875000000e+04 4.638642968750000000e+04 5.310933593750000000e+04 -1.416588211059570312e+01 8.707553863525390625e+01 8.757218170166015625e+01 1.006464385986328125e+02 3.558161258697509766e+00 2.292243499755859375e+02 3.308984518051147461e+00 2.737701177597045898e+00
4.960190000000000000e+05 1.042750781250000000e+04 6.616196875000000000e+04 4.668377441406250000e+03 2.372160339355468750e+02 1.316771697998046875e+02 -1.900378112792968750e+02 9.705462646484375000e+01 3.658028125762939453e+00 2.229558410644531250e+02 3.284586668014526367e+00 2.853847026824951172e+00
4.962120000000000000e+05 3.437795312500000000e+04 6.259822656250000000e+04 2.910006640625000000e+04 -6.129206085205078125e+01 2.988399887084960938e+01 3.561750793457031250e+02 1.033072586059570312e+02 3.748873710632324219e+00 2.339122924804687500e+02 3.486532688140869141e+00 2.748178720474243164e+00
4.975290000000000000e+05 2.032606445312500000e+04 5.619139062500000000e+04 6.026858984375000000e+04 -1.784685058593750000e+02 -3.886473388671875000e+02 -1.288178710937500000e+02 9.722338104248046875e+01 3.560792446136474609e+00 2.416548309326171875e+02 3.031791687011718750e+00 2.281544208526611328e+00
4.980110000000000000e+05 5.083306250000000000e+04 3.012047460937500000e+04 1.082396118164062500e+03 1.298077239990234375e+02 1.902059478759765625e+02 7.394494628906250000e+01 8.462643432617187500e+01 3.679491996765136719e+00 2.260349578857421875e+02 3.844179868698120117e+00 3.331320285797119141e+00
4.989840000000000000e+05 5.332711718750000000e+04 7.435247656250000000e+04 1.584229980468750000e+04 -2.144561767578125000e+01 -2.050520477294921875e+02 1.657923278808593750e+02 9.551377868652343750e+01 3.610192537307739258e+00 2.564844055175781250e+02 2.955216884613037109e+00 1.936736464500427246e+00
4.991130000000000000e+05 4.285005468750000000e+04 1.750744335937500000e+04 6.497338281250000000e+04 -1.299150390625000000e+02 4.975640106201171875e+01 -1.316121978759765625e+02 9.027127838134765625e+01 4.317012310028076172e+00 2.221620025634765625e+02 4.792255401611328125e+00 4.246076583862304688e+00
4.994630000000000000e+05 1.474003027343750000e+04 5.911979687500000000e+04 4.849694140625000000e+04 -2.314096832275390625e+01 -4.905983276367187500e+02 4.088455581665039062e+01 8.790540313720703125e+01 4.118413448333740234e+00 2.061431121826171875e+02 6.311111927032470703e+00 7.231434822082519531e+00
5.016040000000000000e+05 2.491021484375000000e+04 7.362347656250000000e+03 7.088410156250000000e+04 3.467285871505737305e+00 -1.814026489257812500e+02 2.109272766113281250e+02 8.270465850830078125e+01 3.533830165863037109e+00 2.299469451904296875e+02 3.106867790222167969e+00 2.648285388946533203e+00
5.041420000000000000e+05 1.762199584960937500e+03 5.631625000000000000e+04 3.797835546875000000e+04 7.096169281005859375e+01 -2.056406860351562500e+02 3.370247497558593750e+02 8.705488586425781250e+01 3.791570901870727539e+00 2.284827575683593750e+02 3.856628417968750000e+00 3.214478015899658203e+00
5.121540000000000000e+05 5.584828613281250000e+03 5.133018750000000000e+04 2.668021679687500000e+04 -2.109639739990234375e+01 -9.163243103027343750e+01 2.537149505615234375e+02 7.239736175537109375e+01 3.575834035873413086e+00 2.171007537841796875e+02 5.285806655883789062e+00 5.285041809082031250e+00
5.130090000000000000e+05 2.476792968750000000e+04 7.835033203125000000e+03 7.021660937500000000e+04 2.825652694702148438e+01 -2.637637634277343750e+02 1.862661743164062500e+02 8.245643615722656250e+01 3.743204593658447266e+00 2.328098602294921875e+02 3.073300123214721680e+00 2.481309890747070312e+00
