# ID, analog position x y z (ckpc/h), analog velocity vx vy vz (km/s/a), halo mass (10^10 Msun/h), stellar mass (10^10 Msun/h), vmax (km/s)
4.290410000000000000e+05 3.076353515625000000e+03 3.251536718750000000e+04 3.900276855468750000e+03 -6.379396820068359375e+01 -3.216561584472656250e+02 1.534466094970703125e+02 1.025761871337890625e+02 3.814550399780273438e+00 2.173121490478515625e+02
4.308500000000000000e+05 7.412782031250000000e+04 1.493277734375000000e+04 2.856422070312500000e+04 -1.426679840087890625e+02 7.709062957763671875e+01 -3.743312072753906250e+02 1.304963989257812500e+02 4.337380886077880859e+00 2.069114837646484375e+02
4.382970000000000000e+05 7.315177343750000000e+04 3.179761914062500000e+04 3.118279541015625000e+03 3.164284362792968750e+02 1.108931045532226562e+02 2.399781341552734375e+02 1.102659759521484375e+02 4.187806129455566406e+00 2.199911651611328125e+02
4.411410000000000000e+05 3.795276953125000000e+04 4.811166796875000000e+04 2.535837890625000000e+04 -1.169912052154541016e+01 8.412505340576171875e+01 1.681448211669921875e+02 1.228641891479492188e+02 4.674473762512207031e+00 2.395568847656250000e+02
4.439140000000000000e+05 2.184495507812500000e+04 4.856107031250000000e+04 4.842875390625000000e+04 -5.582197265625000000e+02 -5.736885986328125000e+02 4.230839538574218750e+02 8.754861450195312500e+01 3.794492006301879883e+00 2.134500274658203125e+02
4.514100000000000000e+05 1.812728906250000000e+04 6.198086328125000000e+04 7.028434375000000000e+04 -3.155956726074218750e+02 -5.408737945556640625e+01 -4.797788238525390625e+01 1.391850128173828125e+02 4.413517475128173828e+00 2.164732360839843750e+02
4.523570000000000000e+05 6.558971093750000000e+04 2.116414062500000000e+04 2.693875000000000000e+04 3.672077941894531250e+02 -4.881176757812500000e+02 -2.142123565673828125e+02 8.976961517333984375e+01 4.313805580139160156e+00 2.397861633300781250e+02
4.523950000000000000e+05 3.564641406250000000e+04 4.768108593750000000e+04 2.478823437500000000e+04 -2.011171913146972656e+01 -2.880106163024902344e+01 1.261616744995117188e+02 1.311549072265625000e+02 3.717947959899902344e+00 2.103403930664062500e+02
4.540740000000000000e+05 2.564383398437500000e+04 1.847347851562500000e+04 2.356867382812500000e+04 -3.040817565917968750e+02 -3.752309417724609375e+01 1.845700378417968750e+02 1.371730804443359375e+02 4.329684734344482422e+00 2.233910827636718750e+02
4.559570000000000000e+05 6.141728125000000000e+04 1.502588867187500000e+04 3.044691210937500000e+04 4.516487731933593750e+02 -7.544864654541015625e+01 5.609351730346679688e+01 1.253119659423828125e+02 4.125016212463378906e+00 2.192944946289062500e+02
4.588640000000000000e+05 6.271824609375000000e+04 7.340571899414062500e+02 3.979626171875000000e+04 -4.102892456054687500e+02 1.492608489990234375e+02 -1.213044891357421875e+02 1.378211212158203125e+02 4.032861709594726562e+00 2.474856414794921875e+02
4.592430000000000000e+05 4.694039843750000000e+04 6.947614843750000000e+04 4.407211328125000000e+04 -3.403389587402343750e+02 -2.782359313964843750e+02 -1.495289134979248047e+01 1.341361389160156250e+02 4.111963272094726562e+00 2.424764862060546875e+02
4.598500000000000000e+05 3.577141796875000000e+04 7.356834375000000000e+04 4.975336718750000000e+04 9.451451110839843750e+01 -2.856209754943847656e+01 -2.132439727783203125e+02 1.268008117675781250e+02 4.557610988616943359e+00 2.296862487792968750e+02
4.600760000000000000e+05 2.746389062500000000e+04 4.123998535156250000e+03 7.384001562500000000e+04 -3.449333953857421875e+01 -1.964393463134765625e+02 9.006623077392578125e+01 1.015926895141601562e+02 4.538780689239501953e+00 2.328228912353515625e+02
4.602730000000000000e+05 2.540099414062500000e+04 6.699934570312500000e+03 5.802803125000000000e+04 1.455663299560546875e+02 -5.054835510253906250e+01 1.556924247741699219e+01 1.391327056884765625e+02 4.834031581878662109e+00 2.324176940917968750e+02
4.606920000000000000e+05 3.890982910156250000e+03 3.644018359375000000e+04 2.907774609375000000e+04 1.982349243164062500e+02 4.137944793701171875e+01 -1.589657745361328125e+02 1.259778900146484375e+02 4.462845325469970703e+00 2.294006805419921875e+02
4.610380000000000000e+05 7.045825000000000000e+04 5.194025781250000000e+04 2.864091601562500000e+04 4.596995925903320312e+01 1.509337043762207031e+01 1.217782592773437500e+02 1.394742431640625000e+02 3.933830022811889648e+00 2.190423736572265625e+02
4.618060000000000000e+05 6.874379882812500000e+03 7.063546875000000000e+04 8.595071289062500000e+03 3.298717651367187500e+02 2.643241691589355469e+01 -6.498769378662109375e+01 1.293258514404296875e+02 4.108856201171875000e+00 2.158823547363281250e+02
4.620770000000000000e+05 2.348238671875000000e+04 1.024944140625000000e+04 6.785682031250000000e+04 1.510364341735839844e+01 -1.200139541625976562e+02 1.453263378143310547e+01 1.384377441406250000e+02 5.255616188049316406e+00 2.211136322021484375e+02
4.621890000000000000e+05 5.703854687500000000e+04 5.933148828125000000e+04 6.982111816406250000e+03 7.664458465576171875e+01 6.215244293212890625e+01 5.251131057739257812e+01 1.263353576660156250e+02 3.706217288970947266e+00 2.150743408203125000e+02
4.625640000000000000e+05 5.089321777343750000e+03 7.415360156250000000e+04 2.442574609375000000e+04 7.836380767822265625e+01 2.525589904785156250e+02 6.090535736083984375e+01 1.387723083496093750e+02 5.590174198150634766e+00 2.200052947998046875e+02
4.632330000000000000e+05 4.282507812500000000e+04 8.882627929687500000e+03 4.876453125000000000e+04 8.286436080932617188e+00 -6.667113494873046875e+01 -9.035836029052734375e+01 1.360124206542968750e+02 4.292118549346923828e+00 2.211177368164062500e+02
4.633950000000000000e+05 1.119385449218750000e+04 8.233183593750000000e+03 1.904163085937500000e+04 2.159617614746093750e+02 1.399560852050781250e+02 2.207232360839843750e+02 1.292211914062500000e+02 3.572865486145019531e+00 2.047705993652343750e+02
4.634530000000000000e+05 5.451270703125000000e+04 1.750763085937500000e+04 3.561160156250000000e+04 1.329964141845703125e+02 -2.888377075195312500e+02 -4.253372192382812500e+01 1.372539672851562500e+02 3.839748144149780273e+00 2.111738586425781250e+02
4.642470000000000000e+05 2.634392578125000000e+04 2.312612890625000000e+04 5.543682421875000000e+04 -2.231340637207031250e+02 1.711539306640625000e+02 -1.896204986572265625e+02 1.337677612304687500e+02 4.460441589355468750e+00 2.167702941894531250e+02
4.647420000000000000e+05 1.932819091796875000e+03 2.867133203125000000e+04 1.189656152343750000e+04 8.415734863281250000e+01 4.107597351074218750e+01 3.984025878906250000e+02 1.206277618408203125e+02 4.152216911315917969e+00 2.215990753173828125e+02
4.651360000000000000e+05 4.947010546875000000e+04 5.809078515625000000e+04 2.992215820312500000e+04 -4.147149658203125000e+01 8.582299041748046875e+01 4.390289688110351562e+01 1.351328735351562500e+02 5.894353389739990234e+00 2.570349426269531250e+02
4.655480000000000000e+05 6.645943750000000000e+04 2.181592773437500000e+04 7.223971093750000000e+04 2.004299468994140625e+02 1.378956909179687500e+02 1.897981872558593750e+02 1.326160278320312500e+02 4.211535930633544922e+00 2.208671569824218750e+02
4.656140000000000000e+05 6.805143750000000000e+04 6.944368750000000000e+04 3.964360156250000000e+04 -2.096561126708984375e+02 -3.433687591552734375e+01 9.452478790283203125e+01 1.362988433837890625e+02 3.819541692733764648e+00 2.297122344970703125e+02
4.663870000000000000e+05 2.568993359375000000e+04 5.632586328125000000e+04 4.317084960937500000e+02 -2.440176696777343750e+02 1.183674850463867188e+02 -1.822346343994140625e+02 1.265064010620117188e+02 5.510521888732910156e+00 2.531746063232421875e+02
4.664360000000000000e+05 3.446107421875000000e+04 1.348270263671875000e+03 6.800756250000000000e+04 -6.286792755126953125e+01 -2.879244384765625000e+02 4.003180236816406250e+02 1.208416366577148438e+02 3.575074911117553711e+00 2.164986114501953125e+02
4.667460000000000000e+05 3.982392187500000000e+04 4.462163671875000000e+04 6.446833984375000000e+04 -1.463417663574218750e+02 -2.619061889648437500e+02 -1.025574493408203125e+02 1.298290710449218750e+02 4.934229373931884766e+00 2.349888763427734375e+02
4.668940000000000000e+05 2.121031835937500000e+04 2.393494335937500000e+04 5.417933984375000000e+04 -8.502617645263671875e+01 1.337584381103515625e+02 -1.524123229980468750e+02 1.396618652343750000e+02 3.842253923416137695e+00 2.169825897216796875e+02
4.669580000000000000e+05 4.845207031250000000e+04 5.076795410156250000e+03 3.972967578125000000e+04 2.108194732666015625e+02 -2.026382598876953125e+02 -5.749411773681640625e+01 1.354963836669921875e+02 4.296964168548583984e+00 2.463563842773437500e+02
4.672560000000000000e+05 3.650719482421875000e+03 2.293706640625000000e+04 1.724004882812500000e+04 -4.565152587890625000e+02 1.380113220214843750e+02 4.742228393554687500e+02 1.322322845458984375e+02 4.879778385162353516e+00 2.359562683105468750e+02
4.673850000000000000e+05 5.897780273437500000e+03 1.587232421875000000e+04 2.285006640625000000e+04 -1.651620941162109375e+02 4.125025634765625000e+02 2.010703125000000000e+02 1.406681976318359375e+02 3.925046443939208984e+00 2.483812255859375000e+02
4.675750000000000000e+05 1.157145507812500000e+04 5.184114843750000000e+04 5.915396093750000000e+04 8.658131408691406250e+01 -7.327732849121093750e+01 -1.600596771240234375e+02 1.262669143676757812e+02 3.528795719146728516e+00 2.071844940185546875e+02
4.677980000000000000e+05 4.594420312500000000e+04 6.569594531250000000e+04 4.741787500000000000e+04 -2.460544586181640625e+02 3.195449218750000000e+02 -4.090883789062500000e+02 1.177612762451171875e+02 3.656304359436035156e+00 2.144885101318359375e+02
4.678710000000000000e+05 2.128380859375000000e+04 5.549532421875000000e+04 5.865036718750000000e+04 -3.629779815673828125e+01 -8.858928680419921875e+01 -1.816507263183593750e+02 1.224538040161132812e+02 3.847760200500488281e+00 2.116067047119140625e+02
4.680060000000000000e+05 3.256370703125000000e+04 6.944285937500000000e+04 6.874260156250000000e+04 -2.321643981933593750e+02 3.267019348144531250e+02 -9.183734893798828125e+01 1.366782379150390625e+02 3.912212610244750977e+00 2.392595825195312500e+02
4.682510000000000000e+05 1.356498046875000000e+04 2.158363476562500000e+04 3.566497802734375000e+02 5.172819900512695312e+01 7.052765655517578125e+01 1.627848205566406250e+02 1.220701446533203125e+02 4.164228439331054688e+00 2.087833404541015625e+02
4.685900000000000000e+05 4.310050000000000000e+04 5.708402709960937500e+02 7.394350781250000000e+04 -2.822864685058593750e+02 1.653790588378906250e+02 -4.124794616699218750e+02 1.181832733154296875e+02 4.207098960876464844e+00 2.137914733886718750e+02
4.688170000000000000e+05 3.129670117187500000e+04 5.388000781250000000e+04 4.622986718750000000e+04 -3.331414184570312500e+02 9.091259002685546875e+01 1.271050567626953125e+02 1.271486206054687500e+02 3.673866271972656250e+00 2.201689147949218750e+02
4.689210000000000000e+05 1.053436914062500000e+04 3.907848437500000000e+04 2.768715625000000000e+04 -2.213282012939453125e+02 3.111906051635742188e+01 -1.106799030303955078e+01 1.231044692993164062e+02 5.795312881469726562e+00 2.261794738769531250e+02
4.691020000000000000e+05 2.835602148437500000e+04 6.456376562500000000e+04 1.201680908203125000e+03 -3.752095031738281250e+02 3.305990905761718750e+02 -1.656587219238281250e+02 1.195599288940429688e+02 3.533001184463500977e+00 2.105110778808593750e+02
4.692650000000000000e+05 6.015212890625000000e+04 6.147696484375000000e+04 5.132781640625000000e+04 2.957265319824218750e+02 4.187519454956054688e+01 -1.692493438720703125e+01 1.273007202148437500e+02 4.957699775695800781e+00 2.258619689941406250e+02
4.693770000000000000e+05 7.319806250000000000e+04 6.860849609375000000e+03 6.015618359375000000e+04 6.470283508300781250e+01 1.432411289215087891e+01 -1.575587463378906250e+02 1.331769866943359375e+02 3.821477890014648438e+00 2.476011657714843750e+02
4.694380000000000000e+05 2.865749804687500000e+04 3.049420703125000000e+04 5.147966406250000000e+04 -1.989306945800781250e+02 1.522291107177734375e+02 -1.604172515869140625e+02 1.283776397705078125e+02 5.499971389770507812e+00 2.296189880371093750e+02
4.694640000000000000e+05 6.474181640625000000e+04 6.145435937500000000e+04 5.092582031250000000e+04 3.716193542480468750e+02 -1.465948028564453125e+02 1.562339782714843750e+02 1.208640823364257812e+02 4.564660072326660156e+00 2.247025451660156250e+02
4.695020000000000000e+05 5.817757031250000000e+04 1.298655566406250000e+04 4.974094921875000000e+04 -2.860755920410156250e+02 -2.489158020019531250e+02 -1.123303909301757812e+02 1.222635879516601562e+02 4.494936943054199219e+00 2.108899383544921875e+02
4.696570000000000000e+05 2.626831445312500000e+04 5.046093750000000000e+04 6.517149218750000000e+04 -2.908332824707031250e+02 4.886134624481201172e+00 -2.038562469482421875e+02 1.333363037109375000e+02 4.826794147491455078e+00 2.160330963134765625e+02
4.697400000000000000e+05 5.036880078125000000e+04 2.280543359375000000e+04 3.202850390625000000e+04 2.783934593200683594e+01 -7.785084247589111328e+00 2.784329605102539062e+01 1.230401153564453125e+02 4.001803874969482422e+00 2.043679351806640625e+02
4.698790000000000000e+05 2.695521093750000000e+04 6.845492968750000000e+04 5.514869921875000000e+04 1.556238098144531250e+02 -2.151632995605468750e+02 -2.291637992858886719e+01 1.321048431396484375e+02 4.415466785430908203e+00 2.087684173583984375e+02
4.699300000000000000e+05 5.969317382812500000e+03 5.298442578125000000e+04 2.761865820312500000e+04 2.814547920227050781e+01 -2.671714477539062500e+02 1.451933441162109375e+02 1.169407196044921875e+02 5.367401599884033203e+00 2.260405578613281250e+02
4.701780000000000000e+05 1.416993457031250000e+04 5.700727343750000000e+04 4.761631640625000000e+04 -3.171505928039550781e+01 -5.619020996093750000e+02 1.994949645996093750e+02 1.378580474853515625e+02 4.501098632812500000e+00 2.199609069824218750e+02
4.706170000000000000e+05 4.167302734375000000e+03 6.435575000000000000e+04 6.751321875000000000e+04 1.300952911376953125e+02 -2.336597900390625000e+02 -1.500941276550292969e+01 1.195185775756835938e+02 4.315388202667236328e+00 2.401883697509765625e+02
4.711090000000000000e+05 3.637364843750000000e+04 7.474312500000000000e+04 3.591551171875000000e+04 2.802343444824218750e+02 -8.568147277832031250e+01 1.548627777099609375e+02 1.197140350341796875e+02 4.598880290985107422e+00 2.055630035400390625e+02
4.714200000000000000e+05 1.581313281250000000e+04 5.387218750000000000e+04 4.933639453125000000e+04 -7.996077728271484375e+01 -7.667088623046875000e+02 -1.062579269409179688e+02 1.254014282226562500e+02 4.980247020721435547e+00 2.175157928466796875e+02
4.718570000000000000e+05 1.343353027343750000e+04 4.418503125000000000e+04 1.279464721679687500e+03 -1.092619171142578125e+02 -1.159440994262695312e+02 -1.077595901489257812e+02 1.137128982543945312e+02 6.570011138916015625e+00 2.259951019287109375e+02
4.721740000000000000e+05 3.072066015625000000e+04 5.447040234375000000e+04 4.826369140625000000e+04 -2.824412841796875000e+02 -1.660693740844726562e+01 -1.548017120361328125e+01 1.267410049438476562e+02 6.046220302581787109e+00 2.497492828369140625e+02
4.723620000000000000e+05 3.572700781250000000e+04 3.817922656250000000e+04 3.362423437500000000e+04 -1.439174499511718750e+02 1.275768947601318359e+01 2.741449584960937500e+02 1.328555145263671875e+02 4.643712520599365234e+00 2.453564147949218750e+02
4.724570000000000000e+05 4.125125390625000000e+04 4.807985156250000000e+04 3.734853515625000000e+04 -6.157352066040039062e+01 1.033444900512695312e+02 -1.473392772674560547e+01 1.159470748901367188e+02 3.572937011718750000e+00 2.023153076171875000e+02
4.724990000000000000e+05 6.816289062500000000e+04 1.580851562500000000e+04 5.422452343750000000e+04 9.763011932373046875e+01 -6.727499389648437500e+01 -6.498429107666015625e+01 1.243532333374023438e+02 4.212550163269042969e+00 2.153475494384765625e+02
4.731250000000000000e+05 1.573590625000000000e+04 8.248909179687500000e+03 3.572967968750000000e+04 -2.076855316162109375e+02 2.115373077392578125e+02 -2.049804229736328125e+02 1.196563262939453125e+02 3.816893815994262695e+00 2.346578216552734375e+02
4.736410000000000000e+05 5.643922851562500000e+03 1.107591406250000000e+04 3.483612890625000000e+04 3.480264587402343750e+02 -1.354793667793273926e+00 -1.131581649780273438e+02 1.261843490600585938e+02 5.346595287322998047e+00 2.168357849121093750e+02
4.741270000000000000e+05 7.498002343750000000e+04 6.033340332031250000e+03 3.284355859375000000e+04 7.190722227096557617e-01 4.528403930664062500e+02 1.305962562561035156e+01 1.189605178833007812e+02 4.386952877044677734e+00 2.439011535644531250e+02
4.741700000000000000e+05 5.332747265625000000e+04 6.989007812500000000e+04 2.183239648437500000e+04 7.503000640869140625e+01 3.870006942749023438e+01 2.395029754638671875e+02 1.333319244384765625e+02 3.946124076843261719e+00 2.229054565429687500e+02
4.742040000000000000e+05 4.055806640625000000e+04 4.014240234375000000e+04 9.080287109375000000e+03 -9.673097229003906250e+01 -1.187833633422851562e+02 -7.016445922851562500e+01 1.233496856689453125e+02 4.410418987274169922e+00 2.195843048095703125e+02
4.742310000000000000e+05 7.205054687500000000e+04 1.658492578125000000e+04 7.177378125000000000e+04 5.375347900390625000e+01 1.860045013427734375e+02 1.367142486572265625e+02 1.265823516845703125e+02 4.803791046142578125e+00 2.278049774169921875e+02
4.746230000000000000e+05 3.452160546875000000e+04 4.043987890625000000e+04 5.473888281250000000e+04 -2.847462768554687500e+02 1.038115768432617188e+02 -5.313549995422363281e+00 1.094224166870117188e+02 3.533805608749389648e+00 2.001833343505859375e+02
4.748130000000000000e+05 1.680442578125000000e+04 1.712928906250000000e+04 2.741929101562500000e+04 -1.378656616210937500e+02 -2.415516853332519531e+01 1.183779220581054688e+02 1.122984924316406250e+02 4.005819797515869141e+00 2.158267364501953125e+02
4.754900000000000000e+05 3.481344140625000000e+04 3.876676171875000000e+04 3.493805078125000000e+04 -1.387402801513671875e+02 1.260805606842041016e+01 2.932808837890625000e+02 1.166770172119140625e+02 4.716012477874755859e+00 2.352112426757812500e+02
4.758650000000000000e+05 4.907308593750000000e+03 1.570912792968750000e+04 5.056226171875000000e+04 1.136147003173828125e+02 -7.115715503692626953e+00 -6.314985275268554688e+01 1.279670715332031250e+02 4.672708511352539062e+00 2.082778320312500000e+02
4.761180000000000000e+05 3.943367919921875000e+03 5.089803125000000000e+04 2.829922180175781250e+02 2.013084564208984375e+02 -1.182653732299804688e+02 -2.424132843017578125e+02 1.263501281738281250e+02 4.209586620330810547e+00 2.321100006103515625e+02
4.769970000000000000e+05 1.843277929687500000e+04 7.333630468750000000e+04 8.630733398437500000e+03 -1.744048919677734375e+02 4.819952087402343750e+02 -3.727990722656250000e+02 1.094467010498046875e+02 4.128995895385742188e+00 2.240455474853515625e+02
4.770890000000000000e+05 4.303325390625000000e+04 4.993639453125000000e+04 2.767355859375000000e+04 -1.245284500122070312e+02 1.423330020904541016e+01 1.204627761840820312e+02 9.511292266845703125e+01 3.709689140319824219e+00 2.160756530761718750e+02
4.775180000000000000e+05 1.980230664062500000e+04 5.252326562500000000e+04 5.296503125000000000e+04 -1.407967987060546875e+02 -2.692469787597656250e+02 -2.241288452148437500e+02 1.097770996093750000e+02 5.420405387878417969e+00 2.368047943115234375e+02
4.782470000000000000e+05 1.094751074218750000e+04 2.393926953125000000e+04 1.093960644531250000e+04 -3.107555236816406250e+02 -3.799284744262695312e+01 3.067148208618164062e+01 1.306022644042968750e+02 3.545253276824951172e+00 2.123139648437500000e+02
4.782980000000000000e+05 5.751762500000000000e+04 7.395368750000000000e+04 4.810705078125000000e+04 3.240338516235351562e+01 -1.135087051391601562e+02 -3.431070251464843750e+02 1.380251922607421875e+02 3.710131883621215820e+00 2.219243164062500000e+02
4.784520000000000000e+05 7.241017187500000000e+04 4.893843750000000000e+04 5.662475781250000000e+04 5.595153808593750000e+02 4.455632629394531250e+02 -2.443241424560546875e+02 1.104006347656250000e+02 4.211416244506835938e+00 2.060644378662109375e+02
4.784960000000000000e+05 3.550256250000000000e+04 2.207008203125000000e+04 2.750469140625000000e+04 -1.351883087158203125e+02 -4.332836627960205078e+00 1.856750488281250000e+02 1.288733673095703125e+02 4.541996955871582031e+00 2.208502349853515625e+02
4.786610000000000000e+05 2.404096679687500000e+03 5.522470312500000000e+04 6.513364453125000000e+04 2.037513275146484375e+02 8.069182586669921875e+01 -3.846704406738281250e+02 1.130453948974609375e+02 3.728860139846801758e+00 2.270112915039062500e+02
4.786960000000000000e+05 1.943198828125000000e+04 4.659760156250000000e+04 3.208709375000000000e+04 -1.855768280029296875e+02 -8.636642456054687500e+01 2.317938232421875000e+02 1.073678359985351562e+02 3.621401786804199219e+00 2.281875305175781250e+02
4.792640000000000000e+05 2.256381250000000000e+04 4.351722656250000000e+03 2.731708593750000000e+04 -2.197255096435546875e+02 2.126965789794921875e+02 4.600062561035156250e+01 1.037478637695312500e+02 3.618287801742553711e+00 2.063874664306640625e+02
4.798390000000000000e+05 5.420662890625000000e+04 2.110202929687500000e+04 5.270656738281250000e+03 3.927140045166015625e+01 3.176867103576660156e+01 4.222127151489257812e+01 1.034780731201171875e+02 3.931936264038085938e+00 2.132079467773437500e+02
4.801940000000000000e+05 6.858985156250000000e+04 2.267739843750000000e+04 2.413164648437500000e+04 2.507786560058593750e+02 -4.530816345214843750e+02 -2.810974731445312500e+02 1.114170532226562500e+02 4.480651378631591797e+00 2.158509368896484375e+02
4.803910000000000000e+05 4.256466015625000000e+04 3.236362109375000000e+04 7.417903125000000000e+04 3.522227096557617188e+01 1.665537567138671875e+02 -6.114533615112304688e+01 1.147428207397460938e+02 3.819468498229980469e+00 2.205383605957031250e+02
4.805500000000000000e+05 5.351772656250000000e+04 6.666373437500000000e+04 9.212432617187500000e+03 -4.589395904541015625e+01 1.789348602294921875e+02 1.103624420166015625e+02 1.109966506958007812e+02 4.942864418029785156e+00 2.151183776855468750e+02
4.805870000000000000e+05 5.153900000000000000e+04 1.025968261718750000e+04 3.806928906250000000e+04 3.082870483398437500e+02 -2.750014648437500000e+02 5.354212570190429688e+01 1.124021377563476562e+02 3.648488998413085938e+00 2.571466064453125000e+02
4.807500000000000000e+05 3.877782812500000000e+04 1.985401757812500000e+04 5.620938671875000000e+04 -2.125635986328125000e+02 -7.014031219482421875e+01 -1.416050872802734375e+02 1.073966369628906250e+02 3.595413923263549805e+00 2.164741058349609375e+02
4.808790000000000000e+05 8.630274414062500000e+03 6.980827343750000000e+04 6.885572753906250000e+03 3.414117736816406250e+02 2.069614410400390625e+02 -1.363617181777954102e+00 9.315958404541015625e+01 4.130554676055908203e+00 2.060593719482421875e+02
4.810360000000000000e+05 4.585992187500000000e+04 3.916046484375000000e+04 7.162385937500000000e+04 -5.601752929687500000e+02 -3.251576614379882812e+01 -2.416672668457031250e+02 1.193877410888671875e+02 4.215318202972412109e+00 2.228598327636718750e+02
4.811260000000000000e+05 6.962185937500000000e+04 2.193095312500000000e+04 2.047202929687500000e+04 5.427611083984375000e+02 5.044629669189453125e+01 4.178804321289062500e+02 9.935461425781250000e+01 3.852364301681518555e+00 2.145114746093750000e+02
4.812540000000000000e+05 6.104192871093750000e+03 3.587417187500000000e+04 4.506064843750000000e+04 2.190581359863281250e+02 3.062375450134277344e+01 2.784714698791503906e+01 1.163298263549804688e+02 3.988312721252441406e+00 2.180197448730468750e+02
4.827140000000000000e+05 1.738420117187500000e+04 4.811101074218750000e+03 1.361835839843750000e+04 -1.848395538330078125e+02 -2.174226379394531250e+01 -2.140589141845703125e+02 1.133706436157226562e+02 4.028979301452636719e+00 2.081853485107421875e+02
4.827570000000000000e+05 1.927392968750000000e+04 5.824827343750000000e+04 5.114834765625000000e+04 6.090026092529296875e+01 -5.150247192382812500e+02 -2.071499061584472656e+01 1.053028411865234375e+02 3.660135507583618164e+00 2.059076385498046875e+02
4.829870000000000000e+05 5.569340820312500000e+03 3.519503125000000000e+04 4.972019140625000000e+04 2.981059570312500000e+02 6.507406616210937500e+01 9.329867553710937500e+01 1.174991226196289062e+02 4.022620201110839844e+00 2.237280273437500000e+02
4.831790000000000000e+05 1.393651171875000000e+04 2.005393945312500000e+04 3.625366943359375000e+03 8.358036041259765625e+01 -3.123429679870605469e+01 8.278710937500000000e+01 1.106752777099609375e+02 4.595837116241455078e+00 2.093255767822265625e+02
4.832690000000000000e+05 3.079585351562500000e+04 3.597546875000000000e+04 5.824401171875000000e+04 -1.289848175048828125e+02 2.286627044677734375e+02 -2.409812774658203125e+02 1.241285247802734375e+02 4.379140853881835938e+00 2.209454956054687500e+02
4.834840000000000000e+05 6.546142578125000000e+04 2.095930859375000000e+04 2.164234179687500000e+04 6.010750122070312500e+02 6.010653305053710938e+01 2.973022155761718750e+02 1.160725097656250000e+02 3.787835359573364258e+00 2.373776855468750000e+02
4.836930000000000000e+05 2.021637109375000000e+04 4.623495312500000000e+04 6.848555468750000000e+04 -2.557659149169921875e+02 1.462854461669921875e+02 -2.222205657958984375e+02 1.144175872802734375e+02 3.668111562728881836e+00 2.116550140380859375e+02
4.838120000000000000e+05 3.977555078125000000e+04 4.954069824218750000e+03 6.071441796875000000e+04 -1.789029541015625000e+02 -1.843062896728515625e+02 -1.431669464111328125e+02 1.110590515136718750e+02 3.747465848922729492e+00 2.141840209960937500e+02
4.838680000000000000e+05 4.015182812500000000e+04 3.760970703125000000e+04 7.158375781250000000e+04 3.189128417968750000e+02 -1.932754974365234375e+02 -3.182561035156250000e+02 1.105895614624023438e+02 4.582535743713378906e+00 2.178339538574218750e+02
4.839000000000000000e+05 3.628412500000000000e+04 2.200591406250000000e+04 2.772871679687500000e+04 -1.969528198242187500e+02 -1.861998939514160156e+01 1.518973846435546875e+02 1.017359161376953125e+02 4.084420204162597656e+00 2.143585205078125000e+02
4.841130000000000000e+05 2.277605078125000000e+04 3.957996093750000000e+04 4.439349218750000000e+04 4.545767211914062500e+02 -4.703387451171875000e+01 9.085564422607421875e+01 1.142333831787109375e+02 4.279885292053222656e+00 2.326797027587890625e+02
4.842570000000000000e+05 7.352162500000000000e+04 7.017757812500000000e+04 3.782424316406250000e+03 1.442949676513671875e+02 -3.746461868286132812e+01 9.223692321777343750e+01 1.061269912719726562e+02 3.546525239944458008e+00 2.263944244384765625e+02
4.843070000000000000e+05 1.547412207031250000e+04 6.364710156250000000e+04 7.372155468750000000e+04 3.077846374511718750e+02 -3.045355529785156250e+02 -6.597386932373046875e+01 1.060039978027343750e+02 4.082855224609375000e+00 2.166906433105468750e+02
4.844270000000000000e+05 5.896567187500000000e+04 2.487072656250000000e+04 2.314700000000000000e+04 2.989395141601562500e+02 -6.035239028930664062e+01 2.528200531005859375e+01 1.127506408691406250e+02 3.646074771881103516e+00 2.315945129394531250e+02
4.848180000000000000e+05 3.501256250000000000e+04 6.630268750000000000e+04 3.150156250000000000e+04 -5.264860153198242188e+00 -1.763229179382324219e+01 3.260704345703125000e+02 1.159468078613281250e+02 3.894988775253295898e+00 2.410959167480468750e+02
4.849050000000000000e+05 1.262049707031250000e+04 7.507137207031250000e+03 2.707701171875000000e+04 4.183593750000000000e+01 4.777254333496093750e+02 9.673010253906250000e+01 1.044038391113281250e+02 3.816640377044677734e+00 2.048064422607421875e+02
4.850170000000000000e+05 1.885663476562500000e+04 6.116941015625000000e+04 7.127138281250000000e+04 -8.764738464355468750e+01 -2.516163330078125000e+02 1.067804260253906250e+02 1.145660934448242188e+02 3.668287277221679688e+00 2.459746246337890625e+02
4.852330000000000000e+05 6.894693750000000000e+04 2.048098242187500000e+04 2.593852539062500000e+04 2.369639739990234375e+02 -3.026258544921875000e+02 -2.914395751953125000e+02 1.111602249145507812e+02 4.990610599517822266e+00 2.142038116455078125e+02
4.852830000000000000e+05 1.931113281250000000e+04 4.586726171875000000e+04 6.955039843750000000e+04 -2.789338073730468750e+02 1.354721374511718750e+02 -2.299371643066406250e+02 1.013556976318359375e+02 3.675850629806518555e+00 2.080704956054687500e+02
4.853260000000000000e+05 3.413292187500000000e+04 3.436064843750000000e+04 5.608174316406250000e+03 -1.259672698974609375e+02 -2.325037384033203125e+02 4.111772537231445312e+01 1.022184219360351562e+02 4.174994468688964844e+00 2.011683349609375000e+02
4.853650000000000000e+05 2.798256054687500000e+04 2.654908789062500000e+04 7.337432031250000000e+04 -3.538658905029296875e+01 5.973654937744140625e+01 -3.837862014770507812e+01 1.223968811035156250e+02 4.204353332519531250e+00 2.292411346435546875e+02
4.859510000000000000e+05 2.791958984375000000e+04 1.577465667724609375e+02 8.195949218750000000e+03 -3.073729248046875000e+02 1.486757659912109375e+02 -1.931691131591796875e+02 1.140154953002929688e+02 3.608712434768676758e+00 2.046077728271484375e+02
4.860520000000000000e+05 1.241702636718750000e+04 3.778424609375000000e+04 4.247686718750000000e+04 1.663940582275390625e+02 1.987953491210937500e+02 4.639831542968750000e+01 1.090763473510742188e+02 3.994404077529907227e+00 2.200119018554687500e+02
4.861240000000000000e+05 1.889907812500000000e+04 5.252129687500000000e+04 5.652758593750000000e+04 5.782865142822265625e+01 -4.967398834228515625e+01 -2.821544189453125000e+02 1.150807876586914062e+02 3.772631168365478516e+00 2.331669464111328125e+02
4.863410000000000000e+05 2.453348046875000000e+04 3.249111132812500000e+04 4.043965625000000000e+04 -1.478687744140625000e+02 6.064414062500000000e+02 -2.781293640136718750e+02 1.001003417968750000e+02 4.911446571350097656e+00 2.556782684326171875e+02
4.868280000000000000e+05 5.591098046875000000e+04 7.339930468750000000e+04 4.590257812500000000e+04 -2.004631996154785156e+01 -1.493243103027343750e+02 -3.418293762207031250e+02 1.098283920288085938e+02 3.784161806106567383e+00 2.417283782958984375e+02
4.869660000000000000e+05 5.042740234375000000e+03 6.047670312500000000e+04 6.575463281250000000e+04 4.745688629150390625e+01 -1.934000244140625000e+02 -8.152618408203125000e+01 9.655929565429687500e+01 4.040636062622070312e+00 2.221779174804687500e+02
4.870420000000000000e+05 3.199938476562500000e+03 2.639183398437500000e+04 5.632815625000000000e+04 1.235204238891601562e+02 1.485060882568359375e+02 1.045548934936523438e+02 1.042570419311523438e+02 3.522780895233154297e+00 2.065267944335937500e+02
4.870720000000000000e+05 6.166189453125000000e+03 2.124212890625000000e+04 6.617475781250000000e+04 2.154796142578125000e+02 7.942137145996093750e+01 -5.020585250854492188e+01 1.152211303710937500e+02 3.946906089782714844e+00 2.317910919189453125e+02
4.872440000000000000e+05 2.642028710937500000e+04 6.476256835937500000e+03 6.533753515625000000e+04 2.231182289123535156e+01 -3.639999389648437500e+00 9.289603424072265625e+01 9.313924407958984375e+01 4.542891502380371094e+00 2.138888702392578125e+02
4.889060000000000000e+05 4.732501953125000000e+04 8.070868164062500000e+03 4.641325390625000000e+04 4.567093658447265625e+01 -1.784394531250000000e+02 -2.029259796142578125e+02 1.108843917846679688e+02 4.329596519470214844e+00 2.578716125488281250e+02
4.893140000000000000e+05 3.505311718750000000e+04 7.396322656250000000e+04 5.024383593750000000e+04 1.304289398193359375e+02 -7.933048248291015625e+01 -2.651611938476562500e+02 1.100920181274414062e+02 3.863760709762573242e+00 2.120594177246093750e+02
4.894620000000000000e+05 6.909407812500000000e+04 5.317187500000000000e+04 2.827487890625000000e+04 1.445412750244140625e+02 -1.005168838500976562e+02 6.642984008789062500e+01 1.068813705444335938e+02 3.814664602279663086e+00 2.235314331054687500e+02
4.895930000000000000e+05 1.364422656250000000e+04 5.799568359375000000e+04 6.823142700195312500e+02 1.395400238037109375e+02 1.392538909912109375e+02 -4.620111389160156250e+02 9.730479431152343750e+01 3.841608524322509766e+00 2.222673797607421875e+02
4.898120000000000000e+05 2.128523046875000000e+04 5.294041406250000000e+04 5.399630468750000000e+04 -4.542949676513671875e+00 -3.998506774902343750e+02 7.855093479156494141e+00 1.002352371215820312e+02 3.754493951797485352e+00 2.277610015869140625e+02
4.905770000000000000e+05 7.049725585937500000e+03 1.075150488281250000e+04 3.701845703125000000e+04 7.707328033447265625e+01 1.575893402099609375e+02 -2.761128540039062500e+02 9.990411376953125000e+01 4.332657337188720703e+00 2.215424041748046875e+02
4.910660000000000000e+05 1.107677832031250000e+04 5.089815625000000000e+04 4.472351171875000000e+04 -1.203443298339843750e+02 2.316734008789062500e+02 7.477667846679687500e+02 1.058192749023437500e+02 4.161260128021240234e+00 2.159623107910156250e+02
4.912820000000000000e+05 6.628969531250000000e+04 2.921173632812500000e+04 7.307210156250000000e+04 2.968206481933593750e+02 1.103531570434570312e+02 8.390356445312500000e+01 8.974346160888671875e+01 3.534932136535644531e+00 2.157869110107421875e+02
4.919010000000000000e+05 5.730335156250000000e+04 1.851284790039062500e+03 3.706308203125000000e+04 2.604137878417968750e+02 -3.823605651855468750e+02 3.226605834960937500e+02 9.646231079101562500e+01 3.869209766387939453e+00 2.144257812500000000e+02
4.923260000000000000e+05 5.773275878906250000e+03 1.338698046875000000e+04 1.197022167968750000e+04 1.397597656250000000e+02 1.545976715087890625e+02 3.230744628906250000e+02 1.109918289184570312e+02 4.211814880371093750e+00 2.224303436279296875e+02
4.923920000000000000e+05 4.662753515625000000e+04 3.915739453125000000e+04 7.071964843750000000e+04 -2.946145935058593750e+02 -6.030236816406250000e+02 -2.713728027343750000e+02 1.008326187133789062e+02 3.913973331451416016e+00 2.196102905273437500e+02
4.926140000000000000e+05 7.454415625000000000e+04 4.985625390625000000e+04 2.911927148437500000e+04 6.216431045532226562e+01 -3.201462936401367188e+01 1.967138824462890625e+02 1.051490478515625000e+02 3.899478197097778320e+00 2.218417816162109375e+02
4.934910000000000000e+05 6.329895312500000000e+04 4.926617578125000000e+04 7.132758300781250000e+03 2.905466918945312500e+02 -7.107646179199218750e+01 8.986078643798828125e+01 8.769702148437500000e+01 3.557424545288085938e+00 2.180553436279296875e+02
4.939200000000000000e+05 6.911018750000000000e+04 1.841433203125000000e+04 8.277986328125000000e+03 1.529922485351562500e+02 2.702526855468750000e+02 1.944722900390625000e+02 1.082563705444335938e+02 3.843487977981567383e+00 2.453789672851562500e+02
4.940090000000000000e+05 9.031432617187500000e+03 6.784415625000000000e+04 3.413386962890625000e+03 3.282847900390625000e+02 1.163826751708984375e+01 -3.051341438293457031e+01 1.117717742919921875e+02 4.301937580108642578e+00 2.361804962158203125e+02
4.946670000000000000e+05 1.349795703125000000e+04 5.925745605468750000e+03 2.472678320312500000e+04 5.545536804199218750e+01 3.615320434570312500e+02 -3.213382339477539062e+01 9.760016632080078125e+01 3.796816349029541016e+00 2.524508666992187500e+02
4.958540000000000000e+05 5.013266796875000000e+04 4.638642968750000000e+04 5.310933593750000000e+04 -1.579950809478759766e+01 8.642896270751953125e+01 8.593569183349609375e+01 1.006464385986328125e+02 3.558161258697509766e+00 2.292243499755859375e+02
4.960190000000000000e+05 1.042750781250000000e+04 6.616196875000000000e+04 4.668377441406250000e+03 2.389591522216796875e+02 1.324989776611328125e+02 -1.909182281494140625e+02 9.705462646484375000e+01 3.658028125762939453e+00 2.229558410644531250e+02
4.962120000000000000e+05 3.437795312500000000e+04 6.259822656250000000e+04 2.910006640625000000e+04 -6.114653778076171875e+01 3.020642852783203125e+01 3.563764648437500000e+02 1.033072586059570312e+02 3.748873710632324219e+00 2.339122924804687500e+02
4.975290000000000000e+05 2.032606445312500000e+04 5.619139062500000000e+04 6.026858984375000000e+04 -1.755811614990234375e+02 -3.862084655761718750e+02 -1.287776031494140625e+02 9.722338104248046875e+01 3.560792446136474609e+00 2.416548309326171875e+02
4.980110000000000000e+05 5.083306250000000000e+04 3.012047460937500000e+04 1.082396118164062500e+03 1.306218414306640625e+02 1.895312194824218750e+02 7.268817901611328125e+01 8.462643432617187500e+01 3.679491996765136719e+00 2.260349578857421875e+02
4.989840000000000000e+05 5.332711718750000000e+04 7.435247656250000000e+04 1.584229980468750000e+04 -1.850148200988769531e+01 -2.066991424560546875e+02 1.677085266113281250e+02 9.551377868652343750e+01 3.610192537307739258e+00 2.564844055175781250e+02
4.991130000000000000e+05 4.285005468750000000e+04 1.750744335937500000e+04 6.497338281250000000e+04 -1.296461791992187500e+02 4.983529663085937500e+01 -1.317576446533203125e+02 9.027127838134765625e+01 4.317012310028076172e+00 2.221620025634765625e+02
4.994630000000000000e+05 1.474003027343750000e+04 5.911979687500000000e+04 4.849694140625000000e+04 -1.811117362976074219e+01 -4.918172912597656250e+02 4.113017272949218750e+01 8.790540313720703125e+01 4.118413448333740234e+00 2.061431121826171875e+02
5.016040000000000000e+05 2.491021484375000000e+04 7.362347656250000000e+03 7.088410156250000000e+04 4.122062206268310547e+00 -1.814087982177734375e+02 2.115394897460937500e+02 8.270465850830078125e+01 3.533830165863037109e+00 2.299469451904296875e+02
5.041420000000000000e+05 1.762199584960937500e+03 5.631625000000000000e+04 3.797835546875000000e+04 7.114664459228515625e+01 -2.062034759521484375e+02 3.370863342285156250e+02 8.705488586425781250e+01 3.791570901870727539e+00 2.284827575683593750e+02
5.121540000000000000e+05 5.584828613281250000e+03 5.133018750000000000e+04 2.668021679687500000e+04 -2.122065353393554688e+01 -9.147187805175781250e+01 2.539078979492187500e+02 7.239736175537109375e+01 3.575834035873413086e+00 2.171007537841796875e+02
5.130090000000000000e+05 2.476792968750000000e+04 7.835033203125000000e+03 7.021660937500000000e+04 2.848711967468261719e+01 -2.632920532226562500e+02 1.861342468261718750e+02 8.245643615722656250e+01 3.743204593658447266e+00 2.328098602294921875e+02
