# analog ID, snapshot number of last major merger, time of last major merger [lookback Gyr], number of total major mergers, number of total minor mergers
4.290410000000000000e+05  3.400000000000000000e+01  1.022894601980682872e+01  6.000000000000000000e+00  5.000000000000000000e+00
4.308500000000000000e+05  5.600000000000000000e+01  6.829554589521825925e+00  5.000000000000000000e+00  4.000000000000000000e+00
4.382970000000000000e+05  4.500000000000000000e+01  8.559304846246298837e+00  3.000000000000000000e+00  2.000000000000000000e+00
4.411410000000000000e+05  5.000000000000000000e+00  1.323011177292188556e+01  2.000000000000000000e+00  3.000000000000000000e+00
4.439140000000000000e+05  2.300000000000000000e+01  1.190362766259240601e+01  4.000000000000000000e+00  2.000000000000000000e+00
4.514100000000000000e+05  4.200000000000000000e+01  9.017171205041503157e+00  5.000000000000000000e+00  3.000000000000000000e+00
4.523570000000000000e+05  2.200000000000000000e+01  1.203103276926692189e+01  4.000000000000000000e+00  6.000000000000000000e+00
4.523950000000000000e+05  6.500000000000000000e+01  5.410432554332627930e+00  6.000000000000000000e+00  4.000000000000000000e+00
4.540740000000000000e+05  7.500000000000000000e+01  3.870100791557792963e+00  1.100000000000000000e+01  7.000000000000000000e+00
4.559570000000000000e+05  6.800000000000000000e+01  4.914126740144443062e+00  5.000000000000000000e+00  5.000000000000000000e+00
4.588640000000000000e+05  2.400000000000000000e+01  1.176683587945704268e+01  3.000000000000000000e+00  3.000000000000000000e+00
4.592430000000000000e+05  1.700000000000000000e+01  1.255480493374341044e+01  4.000000000000000000e+00  2.000000000000000000e+00
4.598500000000000000e+05  1.500000000000000000e+01  1.269800009025851750e+01  1.000000000000000000e+00  5.000000000000000000e+00
4.600760000000000000e+05  3.500000000000000000e+01  1.008306113048199215e+01  4.000000000000000000e+00  9.000000000000000000e+00
4.602730000000000000e+05  6.400000000000000000e+01  5.610565552055650329e+00  5.000000000000000000e+00  4.000000000000000000e+00
4.606920000000000000e+05  8.100000000000000000e+01  2.841325664222044800e+00  3.000000000000000000e+00  3.000000000000000000e+00
4.610380000000000000e+05  8.100000000000000000e+01  2.841325664222044800e+00  2.000000000000000000e+01  4.000000000000000000e+00
4.616090000000000000e+05  9.800000000000000000e+01  1.378672113961136314e-01  8.000000000000000000e+00  4.000000000000000000e+00
4.618060000000000000e+05  6.700000000000000000e+01  5.060286141005805760e+00  4.000000000000000000e+00  8.000000000000000000e+00
4.620770000000000000e+05  5.900000000000000000e+01  6.343349487178175039e+00  7.000000000000000000e+00  7.000000000000000000e+00
4.621890000000000000e+05  9.800000000000000000e+01  1.378672113961136314e-01  3.000000000000000000e+00  3.000000000000000000e+00
4.625640000000000000e+05  5.300000000000000000e+01  7.314853196564867766e+00  5.000000000000000000e+00  4.000000000000000000e+00
4.632330000000000000e+05  7.000000000000000000e+01  4.610762330037529999e+00  6.000000000000000000e+00  4.000000000000000000e+00
4.633950000000000000e+05  1.700000000000000000e+01  1.255480493374341044e+01  4.000000000000000000e+00  8.000000000000000000e+00
4.634530000000000000e+05  7.600000000000000000e+01  3.693728374563479022e+00  6.000000000000000000e+00  2.000000000000000000e+00
4.642470000000000000e+05  4.100000000000000000e+01  9.155686374365664904e+00  3.000000000000000000e+00  5.000000000000000000e+00
4.647420000000000000e+05  4.700000000000000000e+01  8.213934311119620801e+00  8.000000000000000000e+00  5.000000000000000000e+00
4.651360000000000000e+05  2.100000000000000000e+01  1.218284513934296776e+01  3.000000000000000000e+00  4.000000000000000000e+00
4.655480000000000000e+05  9.000000000000000000e+01  1.417390074454655702e+00  2.000000000000000000e+00  5.000000000000000000e+00
4.656140000000000000e+05  5.900000000000000000e+01  6.343349487178175039e+00  5.000000000000000000e+00  7.000000000000000000e+00
4.663870000000000000e+05  8.400000000000000000e+01  2.429129284538906752e+00  5.000000000000000000e+00  2.000000000000000000e+00
4.664360000000000000e+05  7.600000000000000000e+01  3.693728374563479022e+00  9.000000000000000000e+00  2.000000000000000000e+00
4.667460000000000000e+05  9.300000000000000000e+01  9.266483383810104613e-01  1.400000000000000000e+01  4.000000000000000000e+00
4.668940000000000000e+05  2.800000000000000000e+01  1.116472367004951849e+01  1.000000000000000000e+00  4.000000000000000000e+00
4.669580000000000000e+05  1.800000000000000000e+01  1.244512828856172604e+01  5.000000000000000000e+00  3.000000000000000000e+00
4.672560000000000000e+05  2.900000000000000000e+01  1.100795013280855272e+01  3.000000000000000000e+00  5.000000000000000000e+00
4.673850000000000000e+05  2.700000000000000000e+01  1.131704096153121597e+01  3.000000000000000000e+00  1.000000000000000000e+00
4.675750000000000000e+05  8.000000000000000000e+01  3.039446653941879184e+00  4.000000000000000000e+00  1.000000000000000000e+00
4.677980000000000000e+05  4.800000000000000000e+01  8.065600192500749444e+00  6.000000000000000000e+00  4.000000000000000000e+00
4.678710000000000000e+05  8.800000000000000000e+01  1.768314586878462880e+00  2.000000000000000000e+00  6.000000000000000000e+00
4.680060000000000000e+05  4.500000000000000000e+01  8.559304846246298837e+00  7.000000000000000000e+00  4.000000000000000000e+00
4.682510000000000000e+05  2.800000000000000000e+01  1.116472367004951849e+01  3.000000000000000000e+00  3.000000000000000000e+00
4.685900000000000000e+05  3.500000000000000000e+01  1.008306113048199215e+01  7.000000000000000000e+00  2.000000000000000000e+00
4.688170000000000000e+05  5.300000000000000000e+01  7.314853196564867766e+00  6.000000000000000000e+00  5.000000000000000000e+00
4.689210000000000000e+05  2.300000000000000000e+01  1.190362766259240601e+01  2.000000000000000000e+00  3.000000000000000000e+00
4.691020000000000000e+05  9.200000000000000000e+01  1.051863649715911730e+00  3.000000000000000000e+00  4.000000000000000000e+00
4.692650000000000000e+05  7.000000000000000000e+00  1.314922900936169015e+01  2.000000000000000000e+00  1.000000000000000000e+00
4.693770000000000000e+05  8.100000000000000000e+01  2.841325664222044800e+00  3.000000000000000000e+00  2.000000000000000000e+00
4.694380000000000000e+05  3.400000000000000000e+01  1.022894601980682872e+01  9.000000000000000000e+00  5.000000000000000000e+00
4.694640000000000000e+05  7.000000000000000000e+00  1.314922900936169015e+01  2.000000000000000000e+00  1.000000000000000000e+00
4.695020000000000000e+05  -1.000000000000000000e+00  1.380000000000000071e+01  0.000000000000000000e+00  0.000000000000000000e+00
4.696570000000000000e+05  7.000000000000000000e+01  4.610762330037529999e+00  5.000000000000000000e+00  5.000000000000000000e+00
4.697400000000000000e+05  8.700000000000000000e+01  1.882167420809083724e+00  6.000000000000000000e+00  4.000000000000000000e+00
4.698790000000000000e+05  7.600000000000000000e+01  3.693728374563479022e+00  4.000000000000000000e+00  1.000000000000000000e+00
4.699300000000000000e+05  4.500000000000000000e+01  8.559304846246298837e+00  5.000000000000000000e+00  2.000000000000000000e+00
4.701780000000000000e+05  5.400000000000000000e+01  7.127191011932116460e+00  4.000000000000000000e+00  3.000000000000000000e+00
4.706170000000000000e+05  4.300000000000000000e+01  8.841999739310915984e+00  5.000000000000000000e+00  5.000000000000000000e+00
4.711090000000000000e+05  2.200000000000000000e+01  1.203103276926692189e+01  4.000000000000000000e+00  4.000000000000000000e+00
4.714200000000000000e+05  4.800000000000000000e+01  8.065600192500749444e+00  4.000000000000000000e+00  5.000000000000000000e+00
4.715910000000000000e+05  7.100000000000000000e+01  4.453332039958985966e+00  5.000000000000000000e+00  4.000000000000000000e+00
4.718570000000000000e+05  9.400000000000000000e+01  7.996985537050032011e-01  1.400000000000000000e+01  6.000000000000000000e+00
4.721740000000000000e+05  -1.000000000000000000e+00  1.380000000000000071e+01  0.000000000000000000e+00  5.000000000000000000e+00
4.723620000000000000e+05  3.700000000000000000e+01  9.781783939423050356e+00  6.000000000000000000e+00  2.000000000000000000e+00
4.724570000000000000e+05  8.400000000000000000e+01  2.429129284538906752e+00  9.000000000000000000e+00  4.000000000000000000e+00
4.724990000000000000e+05  7.600000000000000000e+01  3.693728374563479022e+00  7.000000000000000000e+00  6.000000000000000000e+00
4.731250000000000000e+05  5.000000000000000000e+01  7.790641621123915783e+00  4.000000000000000000e+00  3.000000000000000000e+00
4.736410000000000000e+05  8.300000000000000000e+01  2.534225699988376768e+00  1.200000000000000000e+01  7.000000000000000000e+00
4.741270000000000000e+05  6.800000000000000000e+01  4.914126740144443062e+00  6.000000000000000000e+00  4.000000000000000000e+00
4.741700000000000000e+05  1.500000000000000000e+01  1.269800009025851750e+01  4.000000000000000000e+00  2.000000000000000000e+00
4.742040000000000000e+05  7.500000000000000000e+01  3.870100791557792963e+00  4.000000000000000000e+00  2.000000000000000000e+00
4.742310000000000000e+05  6.600000000000000000e+01  5.202907732559084231e+00  5.000000000000000000e+00  3.000000000000000000e+00
4.746230000000000000e+05  7.900000000000000000e+01  3.136585008921167539e+00  6.000000000000000000e+00  1.000000000000000000e+00
4.748130000000000000e+05  4.900000000000000000e+01  7.950232596370229388e+00  3.000000000000000000e+00  3.000000000000000000e+00
4.754900000000000000e+05  2.800000000000000000e+01  1.116472367004951849e+01  3.000000000000000000e+00  8.000000000000000000e+00
4.758650000000000000e+05  6.100000000000000000e+01  5.989919683560276376e+00  4.000000000000000000e+00  2.000000000000000000e+00
4.761180000000000000e+05  5.900000000000000000e+01  6.343349487178175039e+00  3.000000000000000000e+00  3.000000000000000000e+00
4.769970000000000000e+05  4.500000000000000000e+01  8.559304846246298837e+00  4.000000000000000000e+00  5.000000000000000000e+00
4.770890000000000000e+05  5.300000000000000000e+01  7.314853196564867766e+00  1.100000000000000000e+01  4.000000000000000000e+00
4.771190000000000000e+05  2.300000000000000000e+01  1.190362766259240601e+01  4.000000000000000000e+00  6.000000000000000000e+00
4.775180000000000000e+05  2.300000000000000000e+01  1.190362766259240601e+01  2.000000000000000000e+00  5.000000000000000000e+00
4.782470000000000000e+05  6.500000000000000000e+01  5.410432554332627930e+00  3.000000000000000000e+00  4.000000000000000000e+00
4.782980000000000000e+05  6.800000000000000000e+01  4.914126740144443062e+00  1.400000000000000000e+01  7.000000000000000000e+00
4.784520000000000000e+05  7.900000000000000000e+01  3.136585008921167539e+00  3.000000000000000000e+00  5.000000000000000000e+00
4.784960000000000000e+05  4.900000000000000000e+01  7.950232596370229388e+00  3.000000000000000000e+00  5.000000000000000000e+00
4.786610000000000000e+05  3.400000000000000000e+01  1.022894601980682872e+01  3.000000000000000000e+00  6.000000000000000000e+00
4.786960000000000000e+05  2.600000000000000000e+01  1.147263647615638860e+01  4.000000000000000000e+00  2.000000000000000000e+00
4.792640000000000000e+05  7.900000000000000000e+01  3.136585008921167539e+00  7.000000000000000000e+00  4.000000000000000000e+00
4.798390000000000000e+05  4.400000000000000000e+01  8.688041270237905067e+00  3.000000000000000000e+00  4.000000000000000000e+00
4.801940000000000000e+05  4.900000000000000000e+01  7.950232596370229388e+00  4.000000000000000000e+00  3.000000000000000000e+00
4.803450000000000000e+05  7.800000000000000000e+01  3.420547659840110999e+00  7.000000000000000000e+00  2.000000000000000000e+00
4.803910000000000000e+05  1.100000000000000000e+01  1.297766085557649518e+01  3.000000000000000000e+00  5.000000000000000000e+00
4.805500000000000000e+05  4.800000000000000000e+01  8.065600192500749444e+00  3.000000000000000000e+00  4.000000000000000000e+00
4.805870000000000000e+05  5.700000000000000000e+01  6.673014217597258657e+00  7.000000000000000000e+00  2.000000000000000000e+00
4.807500000000000000e+05  8.200000000000000000e+01  2.740302379575630276e+00  2.000000000000000000e+00  0.000000000000000000e+00
4.808790000000000000e+05  6.100000000000000000e+01  5.989919683560276376e+00  5.000000000000000000e+00  7.000000000000000000e+00
4.810360000000000000e+05  9.900000000000000000e+01  1.000000000000000021e-03  1.500000000000000000e+01  7.000000000000000000e+00
4.811260000000000000e+05  3.700000000000000000e+01  9.781783939423050356e+00  1.000000000000000000e+00  2.000000000000000000e+00
4.812540000000000000e+05  8.300000000000000000e+01  2.534225699988376768e+00  8.000000000000000000e+00  2.000000000000000000e+00
4.827140000000000000e+05  4.500000000000000000e+01  8.559304846246298837e+00  8.000000000000000000e+00  1.000000000000000000e+01
4.827570000000000000e+05  6.500000000000000000e+01  5.410432554332627930e+00  7.000000000000000000e+00  5.000000000000000000e+00
4.829870000000000000e+05  4.500000000000000000e+01  8.559304846246298837e+00  5.000000000000000000e+00  2.000000000000000000e+00
4.831790000000000000e+05  1.300000000000000000e+01  1.280487589145415406e+01  3.000000000000000000e+00  6.000000000000000000e+00
4.832690000000000000e+05  4.800000000000000000e+01  8.065600192500749444e+00  6.000000000000000000e+00  5.000000000000000000e+00
4.834840000000000000e+05  5.000000000000000000e+00  1.323011177292188556e+01  1.000000000000000000e+00  4.000000000000000000e+00
4.836930000000000000e+05  3.800000000000000000e+01  9.627308552926123753e+00  5.000000000000000000e+00  4.000000000000000000e+00
4.838120000000000000e+05  2.900000000000000000e+01  1.100795013280855272e+01  6.000000000000000000e+00  3.000000000000000000e+00
4.838680000000000000e+05  3.800000000000000000e+01  9.627308552926123753e+00  4.000000000000000000e+00  0.000000000000000000e+00
4.839000000000000000e+05  2.400000000000000000e+01  1.176683587945704268e+01  2.000000000000000000e+00  4.000000000000000000e+00
4.841130000000000000e+05  5.200000000000000000e+01  7.450283783623471656e+00  7.000000000000000000e+00  1.000000000000000000e+00
4.842570000000000000e+05  3.900000000000000000e+01  9.462953435380171641e+00  4.000000000000000000e+00  6.000000000000000000e+00
4.843070000000000000e+05  4.100000000000000000e+01  9.155686374365664904e+00  3.000000000000000000e+00  1.000000000000000000e+00
4.844270000000000000e+05  6.200000000000000000e+01  5.866461537501614032e+00  1.100000000000000000e+01  3.000000000000000000e+00
4.847150000000000000e+05  4.400000000000000000e+01  8.688041270237905067e+00  5.000000000000000000e+00  2.000000000000000000e+00
4.848180000000000000e+05  7.700000000000000000e+01  3.512781268699348036e+00  3.000000000000000000e+00  4.000000000000000000e+00
4.849050000000000000e+05  2.700000000000000000e+01  1.131704096153121597e+01  5.000000000000000000e+00  3.000000000000000000e+00
4.850170000000000000e+05  1.500000000000000000e+01  1.269800009025851750e+01  3.000000000000000000e+00  4.000000000000000000e+00
4.852330000000000000e+05  2.300000000000000000e+01  1.190362766259240601e+01  3.000000000000000000e+00  7.000000000000000000e+00
4.852830000000000000e+05  4.600000000000000000e+01  8.356294756117382150e+00  4.000000000000000000e+00  2.000000000000000000e+00
4.853260000000000000e+05  -1.000000000000000000e+00  1.380000000000000071e+01  0.000000000000000000e+00  0.000000000000000000e+00
4.853650000000000000e+05  4.100000000000000000e+01  9.155686374365664904e+00  6.000000000000000000e+00  4.000000000000000000e+00
4.859510000000000000e+05  2.200000000000000000e+01  1.203103276926692189e+01  4.000000000000000000e+00  3.000000000000000000e+00
4.860520000000000000e+05  -1.000000000000000000e+00  1.380000000000000071e+01  0.000000000000000000e+00  2.000000000000000000e+00
4.861240000000000000e+05  7.500000000000000000e+01  3.870100791557792963e+00  4.000000000000000000e+00  5.000000000000000000e+00
4.868280000000000000e+05  4.400000000000000000e+01  8.688041270237905067e+00  3.000000000000000000e+00  3.000000000000000000e+00
4.869660000000000000e+05  4.400000000000000000e+01  8.688041270237905067e+00  5.000000000000000000e+00  3.000000000000000000e+00
4.870420000000000000e+05  2.000000000000000000e+01  1.225933534043273632e+01  1.000000000000000000e+00  5.000000000000000000e+00
4.870720000000000000e+05  1.700000000000000000e+01  1.255480493374341044e+01  3.000000000000000000e+00  2.000000000000000000e+00
4.872440000000000000e+05  8.000000000000000000e+00  1.310401701782239670e+01  2.000000000000000000e+00  6.000000000000000000e+00
4.889060000000000000e+05  -1.000000000000000000e+00  1.380000000000000071e+01  0.000000000000000000e+00  3.000000000000000000e+00
4.893140000000000000e+05  1.500000000000000000e+01  1.269800009025851750e+01  4.000000000000000000e+00  6.000000000000000000e+00
4.894620000000000000e+05  2.400000000000000000e+01  1.176683587945704268e+01  7.000000000000000000e+00  3.000000000000000000e+00
4.895930000000000000e+05  7.300000000000000000e+01  4.126382949614405327e+00  5.000000000000000000e+00  0.000000000000000000e+00
4.898120000000000000e+05  1.200000000000000000e+01  1.289498135540513246e+01  7.000000000000000000e+00  1.000000000000000000e+00
4.901720000000000000e+05  7.500000000000000000e+01  3.870100791557792963e+00  2.000000000000000000e+00  5.000000000000000000e+00
4.905770000000000000e+05  4.800000000000000000e+01  8.065600192500749444e+00  4.000000000000000000e+00  5.000000000000000000e+00
4.910660000000000000e+05  1.900000000000000000e+01  1.236117237065844243e+01  2.000000000000000000e+00  2.000000000000000000e+00
4.912820000000000000e+05  6.400000000000000000e+01  5.610565552055650329e+00  6.000000000000000000e+00  4.000000000000000000e+00
4.919010000000000000e+05  9.500000000000000000e+01  6.709845706668233767e-01  1.000000000000000000e+00  5.000000000000000000e+00
4.923260000000000000e+05  7.000000000000000000e+01  4.610762330037529999e+00  2.000000000000000000e+00  6.000000000000000000e+00
4.923920000000000000e+05  7.800000000000000000e+01  3.420547659840110999e+00  9.000000000000000000e+00  3.000000000000000000e+00
4.926140000000000000e+05  5.100000000000000000e+01  7.581364407781971515e+00  3.000000000000000000e+00  2.000000000000000000e+00
4.934910000000000000e+05  2.600000000000000000e+01  1.147263647615638860e+01  3.000000000000000000e+00  3.000000000000000000e+00
4.939200000000000000e+05  3.100000000000000000e+01  1.071425401075791939e+01  4.000000000000000000e+00  1.200000000000000000e+01
4.940090000000000000e+05  7.400000000000000000e+01  3.956614876025057459e+00  6.000000000000000000e+00  2.000000000000000000e+00
4.946670000000000000e+05  2.200000000000000000e+01  1.203103276926692189e+01  6.000000000000000000e+00  1.000000000000000000e+00
4.958540000000000000e+05  1.000000000000000000e+01  1.301012475658388290e+01  3.000000000000000000e+00  3.000000000000000000e+00
4.960190000000000000e+05  3.400000000000000000e+01  1.022894601980682872e+01  9.000000000000000000e+00  9.000000000000000000e+00
4.962120000000000000e+05  7.400000000000000000e+01  3.956614876025057459e+00  3.000000000000000000e+00  5.000000000000000000e+00
4.975290000000000000e+05  9.500000000000000000e+01  6.709845706668233767e-01  3.000000000000000000e+00  4.000000000000000000e+00
4.980110000000000000e+05  7.000000000000000000e+00  1.314922900936169015e+01  1.000000000000000000e+00  0.000000000000000000e+00
4.989840000000000000e+05  2.300000000000000000e+01  1.190362766259240601e+01  2.000000000000000000e+00  4.000000000000000000e+00
4.991130000000000000e+05  6.800000000000000000e+01  4.914126740144443062e+00  5.000000000000000000e+00  3.000000000000000000e+00
4.994630000000000000e+05  4.800000000000000000e+01  8.065600192500749444e+00  6.000000000000000000e+00  2.000000000000000000e+00
5.016040000000000000e+05  8.900000000000000000e+01  1.652917837980837357e+00  9.000000000000000000e+00  5.000000000000000000e+00
5.041420000000000000e+05  2.200000000000000000e+01  1.203103276926692189e+01  4.000000000000000000e+00  1.000000000000000000e+00
5.121540000000000000e+05  4.100000000000000000e+01  9.155686374365664904e+00  9.000000000000000000e+00  6.000000000000000000e+00
5.130090000000000000e+05  5.500000000000000000e+01  6.980874466634760189e+00  5.000000000000000000e+00  3.000000000000000000e+00
