1.180000000000000000e+02  0.000000000000000000e+00  0.000000000000000000e+00  0.000000000000000000e+00  3.671480000000000000e+05  7.378027343750000000e+04  5.956625781250000000e+04  2.134396093750000000e+04
1.170000000000000000e+02  0.000000000000000000e+00  0.000000000000000000e+00  0.000000000000000000e+00  3.622630000000000000e+05  7.271169531250000000e+04  5.873201171875000000e+04  2.102104296875000000e+04
1.160000000000000000e+02  0.000000000000000000e+00  0.000000000000000000e+00  0.000000000000000000e+00  3.583170000000000000e+05  7.167069531250000000e+04  5.790282812500000000e+04  2.070830078125000000e+04
1.150000000000000000e+02  0.000000000000000000e+00  0.000000000000000000e+00  0.000000000000000000e+00  3.558600000000000000e+05  7.099869531250000000e+04  5.734703906250000000e+04  2.050677148437500000e+04
1.140000000000000000e+02  0.000000000000000000e+00  0.000000000000000000e+00  0.000000000000000000e+00  3.524640000000000000e+05  6.999105468750000000e+04  5.652660156250000000e+04  2.021998242187500000e+04
1.130000000000000000e+02  0.000000000000000000e+00  0.000000000000000000e+00  0.000000000000000000e+00  3.491050000000000000e+05  6.899060156250000000e+04  5.572105859375000000e+04  1.993379492187500000e+04
1.120000000000000000e+02  0.000000000000000000e+00  0.000000000000000000e+00  0.000000000000000000e+00  3.448070000000000000e+05  6.800138281250000000e+04  5.492788281250000000e+04  1.965007617187500000e+04
1.110000000000000000e+02  0.000000000000000000e+00  0.000000000000000000e+00  0.000000000000000000e+00  3.423170000000000000e+05  6.702809375000000000e+04  5.414935546875000000e+04  1.937004687500000000e+04
1.100000000000000000e+02  0.000000000000000000e+00  0.000000000000000000e+00  0.000000000000000000e+00  3.405810000000000000e+05  6.638450781250000000e+04  5.363489453125000000e+04  1.918380078125000000e+04
1.090000000000000000e+02  0.000000000000000000e+00  0.000000000000000000e+00  0.000000000000000000e+00  3.380460000000000000e+05  6.543326562500000000e+04  5.287582421875000000e+04  1.890816210937500000e+04
1.080000000000000000e+02  0.000000000000000000e+00  0.000000000000000000e+00  0.000000000000000000e+00  3.360040000000000000e+05  6.449332812500000000e+04  5.212696093750000000e+04  1.863500976562500000e+04
1.070000000000000000e+02  0.000000000000000000e+00  0.000000000000000000e+00  0.000000000000000000e+00  3.329800000000000000e+05  6.356726171875000000e+04  5.139092968750000000e+04  1.836577734375000000e+04
1.060000000000000000e+02  0.000000000000000000e+00  0.000000000000000000e+00  0.000000000000000000e+00  3.304290000000000000e+05  6.265424609375000000e+04  5.066467187500000000e+04  1.810016406250000000e+04
1.050000000000000000e+02  0.000000000000000000e+00  0.000000000000000000e+00  0.000000000000000000e+00  3.274660000000000000e+05  6.175345312500000000e+04  4.994819140625000000e+04  1.783492187500000000e+04
1.040000000000000000e+02  0.000000000000000000e+00  0.000000000000000000e+00  0.000000000000000000e+00  3.234130000000000000e+05  6.086596484375000000e+04  4.924352343750000000e+04  1.757436718750000000e+04
1.030000000000000000e+02  0.000000000000000000e+00  0.000000000000000000e+00  0.000000000000000000e+00  3.197820000000000000e+05  5.999034375000000000e+04  4.854873046875000000e+04  1.731802929687500000e+04
1.020000000000000000e+02  0.000000000000000000e+00  0.000000000000000000e+00  0.000000000000000000e+00  3.746660000000000000e+05  5.912773437500000000e+04  4.786383984375000000e+04  1.706424804687500000e+04
1.010000000000000000e+02  0.000000000000000000e+00  0.000000000000000000e+00  0.000000000000000000e+00  3.721520000000000000e+05  5.827734765625000000e+04  4.718896484375000000e+04  1.681441210937500000e+04
1.000000000000000000e+02  0.000000000000000000e+00  0.000000000000000000e+00  0.000000000000000000e+00  3.674260000000000000e+05  5.716040234375000000e+04  4.630466796875000000e+04  1.648638281250000000e+04
9.900000000000000000e+01  0.000000000000000000e+00  0.000000000000000000e+00  0.000000000000000000e+00  3.627330000000000000e+05  5.633857812500000000e+04  4.565274609375000000e+04  1.624348242187500000e+04
9.800000000000000000e+01  0.000000000000000000e+00  0.000000000000000000e+00  0.000000000000000000e+00  3.605220000000000000e+05  5.552722265625000000e+04  4.501001953125000000e+04  1.600415136718750000e+04
9.700000000000000000e+01  0.000000000000000000e+00  0.000000000000000000e+00  0.000000000000000000e+00  3.575740000000000000e+05  5.472597656250000000e+04  4.437644140625000000e+04  1.576948144531250000e+04
9.600000000000000000e+01  0.000000000000000000e+00  0.000000000000000000e+00  0.000000000000000000e+00  3.543640000000000000e+05  5.367565234375000000e+04  4.354548828125000000e+04  1.545857519531250000e+04
9.500000000000000000e+01  0.000000000000000000e+00  0.000000000000000000e+00  0.000000000000000000e+00  3.512310000000000000e+05  5.290250390625000000e+04  4.293213671875000000e+04  1.523054101562500000e+04
9.400000000000000000e+01  0.000000000000000000e+00  0.000000000000000000e+00  0.000000000000000000e+00  3.496180000000000000e+05  5.188999218750000000e+04  4.212801171875000000e+04  1.492876367187500000e+04
9.300000000000000000e+01  0.000000000000000000e+00  0.000000000000000000e+00  0.000000000000000000e+00  3.459750000000000000e+05  5.114229687500000000e+04  4.153433593750000000e+04  1.470747656250000000e+04
9.200000000000000000e+01  0.000000000000000000e+00  0.000000000000000000e+00  0.000000000000000000e+00  3.394840000000000000e+05  5.015980078125000000e+04  4.075656250000000000e+04  1.441538574218750000e+04
9.100000000000000000e+01  0.000000000000000000e+00  0.000000000000000000e+00  0.000000000000000000e+00  3.349130000000000000e+05  4.943474609375000000e+04  4.018244531250000000e+04  1.420260644531250000e+04
9.000000000000000000e+01  0.000000000000000000e+00  0.000000000000000000e+00  0.000000000000000000e+00  3.298160000000000000e+05  4.848819921875000000e+04  3.943081250000000000e+04  1.392320019531250000e+04
8.900000000000000000e+01  0.000000000000000000e+00  0.000000000000000000e+00  0.000000000000000000e+00  3.238910000000000000e+05  4.755546484375000000e+04  3.869016796875000000e+04  1.364892578125000000e+04
8.800000000000000000e+01  0.000000000000000000e+00  0.000000000000000000e+00  0.000000000000000000e+00  3.177220000000000000e+05  4.664175390625000000e+04  3.796600390625000000e+04  1.337846484375000000e+04
8.700000000000000000e+01  0.000000000000000000e+00  0.000000000000000000e+00  0.000000000000000000e+00  3.133750000000000000e+05  4.596963671875000000e+04  3.743078906250000000e+04  1.317443164062500000e+04
8.600000000000000000e+01  0.000000000000000000e+00  0.000000000000000000e+00  0.000000000000000000e+00  3.069860000000000000e+05  4.509572265625000000e+04  3.672753515625000000e+04  1.292255175781250000e+04
8.500000000000000000e+01  0.000000000000000000e+00  0.000000000000000000e+00  0.000000000000000000e+00  3.063380000000000000e+05  4.487695312500000000e+04  3.655290625000000000e+04  1.286094335937500000e+04
8.400000000000000000e+01  0.000000000000000000e+00  0.000000000000000000e+00  0.000000000000000000e+00  3.019150000000000000e+05  4.401342968750000000e+04  3.586267968750000000e+04  1.261264062500000000e+04
8.300000000000000000e+01  0.000000000000000000e+00  0.000000000000000000e+00  0.000000000000000000e+00  3.015200000000000000e+05  4.316848828125000000e+04  3.518618750000000000e+04  1.235906152343750000e+04
8.200000000000000000e+01  0.000000000000000000e+00  0.000000000000000000e+00  0.000000000000000000e+00  2.963710000000000000e+05  4.234332031250000000e+04  3.452797656250000000e+04  1.210260253906250000e+04
8.100000000000000000e+01  0.000000000000000000e+00  0.000000000000000000e+00  0.000000000000000000e+00  2.894320000000000000e+05  4.152972265625000000e+04  3.389880859375000000e+04  1.184676171875000000e+04
8.000000000000000000e+01  0.000000000000000000e+00  0.000000000000000000e+00  0.000000000000000000e+00  2.779810000000000000e+05  4.053673437500000000e+04  3.313007421875000000e+04  1.153098632812500000e+04
7.900000000000000000e+01  0.000000000000000000e+00  0.000000000000000000e+00  0.000000000000000000e+00  2.735790000000000000e+05  3.976155468750000000e+04  3.252388085937500000e+04  1.128940527343750000e+04
7.800000000000000000e+01  0.000000000000000000e+00  0.000000000000000000e+00  0.000000000000000000e+00  2.674270000000000000e+05  3.881392578125000000e+04  3.177819531250000000e+04  1.099546191406250000e+04
7.700000000000000000e+01  0.000000000000000000e+00  0.000000000000000000e+00  0.000000000000000000e+00  2.616380000000000000e+05  3.788894921875000000e+04  3.104688085937500000e+04  1.071159863281250000e+04
7.600000000000000000e+01  0.000000000000000000e+00  0.000000000000000000e+00  0.000000000000000000e+00  2.546810000000000000e+05  3.698753906250000000e+04  3.033148632812500000e+04  1.043915820312500000e+04
7.500000000000000000e+01  0.000000000000000000e+00  0.000000000000000000e+00  0.000000000000000000e+00  2.479770000000000000e+05  3.610622265625000000e+04  2.962828320312500000e+04  1.017375292968750000e+04
7.400000000000000000e+01  0.000000000000000000e+00  0.000000000000000000e+00  0.000000000000000000e+00  2.462330000000000000e+05  3.524566015625000000e+04  2.894153125000000000e+04  9.915619140625000000e+03
7.300000000000000000e+01  0.000000000000000000e+00  0.000000000000000000e+00  0.000000000000000000e+00  3.461710000000000000e+05  3.423803125000000000e+04  2.813740234375000000e+04  9.613571289062500000e+03
7.200000000000000000e+01  0.000000000000000000e+00  0.000000000000000000e+00  0.000000000000000000e+00  2.275980000000000000e+05  3.342066406250000000e+04  2.748626171875000000e+04  9.369196289062500000e+03
7.100000000000000000e+01  0.000000000000000000e+00  0.000000000000000000e+00  0.000000000000000000e+00  2.185990000000000000e+05  3.246503320312500000e+04  2.671800390625000000e+04  9.082284179687500000e+03
7.000000000000000000e+01  0.000000000000000000e+00  0.000000000000000000e+00  0.000000000000000000e+00  3.226580000000000000e+05  3.153904492187500000e+04  2.597150781250000000e+04  8.809609375000000000e+03
6.900000000000000000e+01  0.000000000000000000e+00  0.000000000000000000e+00  0.000000000000000000e+00  3.159890000000000000e+05  3.063962500000000000e+04  2.524882812500000000e+04  8.544174804687500000e+03
6.800000000000000000e+01  0.000000000000000000e+00  0.000000000000000000e+00  0.000000000000000000e+00  3.066150000000000000e+05  2.962366796875000000e+04  2.443209765625000000e+04  8.244728515625000000e+03
6.700000000000000000e+01  0.000000000000000000e+00  0.000000000000000000e+00  0.000000000000000000e+00  2.958570000000000000e+05  2.863768554687500000e+04  2.364284375000000000e+04  7.952881347656250000e+03
6.600000000000000000e+01  0.000000000000000000e+00  0.000000000000000000e+00  0.000000000000000000e+00  2.841870000000000000e+05  2.768488476562500000e+04  2.287702929687500000e+04  7.667847167968750000e+03
6.500000000000000000e+01  0.000000000000000000e+00  0.000000000000000000e+00  0.000000000000000000e+00  2.731310000000000000e+05  2.676541210937500000e+04  2.213213085937500000e+04  7.395316406250000000e+03
6.400000000000000000e+01  0.000000000000000000e+00  0.000000000000000000e+00  0.000000000000000000e+00  2.583170000000000000e+05  2.575350976562500000e+04  2.130835351562500000e+04  7.097262695312500000e+03
6.300000000000000000e+01  0.000000000000000000e+00  0.000000000000000000e+00  0.000000000000000000e+00  2.443300000000000000e+05  2.478061132812500000e+04  2.051467187500000000e+04  6.812252441406250000e+03
6.200000000000000000e+01  0.000000000000000000e+00  0.000000000000000000e+00  0.000000000000000000e+00  2.590530000000000000e+05  2.373170117187500000e+04  1.965555078125000000e+04  6.507979980468750000e+03
6.100000000000000000e+01  0.000000000000000000e+00  0.000000000000000000e+00  0.000000000000000000e+00  2.443130000000000000e+05  2.272736914062500000e+04  1.883313671875000000e+04  6.217677246093750000e+03
6.000000000000000000e+01  0.000000000000000000e+00  0.000000000000000000e+00  0.000000000000000000e+00  2.375940000000000000e+05  2.208264648437500000e+04  1.830418164062500000e+04  6.031414550781250000e+03
5.900000000000000000e+01  0.000000000000000000e+00  0.000000000000000000e+00  0.000000000000000000e+00  2.307740000000000000e+05  2.166279882812500000e+04  1.795972265625000000e+04  5.911344726562500000e+03
5.800000000000000000e+01  0.000000000000000000e+00  0.000000000000000000e+00  0.000000000000000000e+00  2.167730000000000000e+05  2.064786914062500000e+04  1.712700781250000000e+04  5.619778320312500000e+03
5.700000000000000000e+01  0.000000000000000000e+00  0.000000000000000000e+00  0.000000000000000000e+00  2.016050000000000000e+05  1.968124804687500000e+04  1.633198828125000000e+04  5.345897949218750000e+03
5.600000000000000000e+01  0.000000000000000000e+00  0.000000000000000000e+00  0.000000000000000000e+00  1.874930000000000000e+05  1.876061132812500000e+04  1.557343359375000000e+04  5.083826660156250000e+03
5.400000000000000000e+01  0.000000000000000000e+00  0.000000000000000000e+00  0.000000000000000000e+00  1.778470000000000000e+05  1.762809960937500000e+04  1.464198242187500000e+04  4.762690429687500000e+03
5.200000000000000000e+01  0.000000000000000000e+00  0.000000000000000000e+00  0.000000000000000000e+00  1.556300000000000000e+05  1.624962207031250000e+04  1.350762402343750000e+04  4.376213378906250000e+03
5.100000000000000000e+01  0.000000000000000000e+00  0.000000000000000000e+00  0.000000000000000000e+00  1.398100000000000000e+05  1.556639941406250000e+04  1.294195312500000000e+04  4.183382324218750000e+03
5.000000000000000000e+01  0.000000000000000000e+00  0.000000000000000000e+00  0.000000000000000000e+00  1.203770000000000000e+05  1.484017773437500000e+04  1.234118750000000000e+04  3.980168701171875000e+03
4.900000000000000000e+01  0.000000000000000000e+00  0.000000000000000000e+00  0.000000000000000000e+00  1.175820000000000000e+05  1.469902050781250000e+04  1.222489062500000000e+04  3.941004394531250000e+03
4.800000000000000000e+01  0.000000000000000000e+00  0.000000000000000000e+00  0.000000000000000000e+00  1.050620000000000000e+05  1.414719042968750000e+04  1.176936718750000000e+04  3.787392089843750000e+03
4.700000000000000000e+01  0.000000000000000000e+00  0.000000000000000000e+00  0.000000000000000000e+00  9.147600000000000000e+04  1.348671386718750000e+04  1.122419238281250000e+04  3.603909179687500000e+03
4.600000000000000000e+01  0.000000000000000000e+00  0.000000000000000000e+00  0.000000000000000000e+00  8.105400000000000000e+04  1.285720898437500000e+04  1.070452539062500000e+04  3.430625488281250000e+03
4.500000000000000000e+01  0.000000000000000000e+00  0.000000000000000000e+00  0.000000000000000000e+00  7.327300000000000000e+04  1.255442089843750000e+04  1.045368652343750000e+04  3.346358398437500000e+03
4.400000000000000000e+01  0.000000000000000000e+00  0.000000000000000000e+00  0.000000000000000000e+00  7.061900000000000000e+04  1.231712988281250000e+04  1.025718554687500000e+04  3.281121826171875000e+03
4.300000000000000000e+01  0.000000000000000000e+00  0.000000000000000000e+00  0.000000000000000000e+00  6.451000000000000000e+04  1.174309472656250000e+04  9.781428710937500000e+03  3.122966064453125000e+03
4.200000000000000000e+01  0.000000000000000000e+00  0.000000000000000000e+00  0.000000000000000000e+00  5.299300000000000000e+04  1.119596386718750000e+04  9.328001953125000000e+03  2.971776367187500000e+03
4.100000000000000000e+01  0.000000000000000000e+00  0.000000000000000000e+00  0.000000000000000000e+00  4.999000000000000000e+04  1.098424609375000000e+04  9.152743164062500000e+03  2.913761230468750000e+03
4.000000000000000000e+01  0.000000000000000000e+00  0.000000000000000000e+00  0.000000000000000000e+00  5.283300000000000000e+04  1.067458398437500000e+04  8.895875976562500000e+03  2.828911865234375000e+03
3.900000000000000000e+01  0.000000000000000000e+00  0.000000000000000000e+00  0.000000000000000000e+00  3.811000000000000000e+04  1.022871972656250000e+04  8.522737304687500000e+03  2.705841552734375000e+03
3.800000000000000000e+01  0.000000000000000000e+00  0.000000000000000000e+00  0.000000000000000000e+00  4.400200000000000000e+04  9.754783203125000000e+03  8.126834960937500000e+03  2.576318359375000000e+03
3.700000000000000000e+01  0.000000000000000000e+00  0.000000000000000000e+00  0.000000000000000000e+00  4.148900000000000000e+04  9.302453125000000000e+03  7.749977539062500000e+03  2.453435546875000000e+03
3.600000000000000000e+01  0.000000000000000000e+00  0.000000000000000000e+00  0.000000000000000000e+00  7.951800000000000000e+04  8.870013671875000000e+03  7.390705078125000000e+03  2.336014404296875000e+03
3.500000000000000000e+01  0.000000000000000000e+00  0.000000000000000000e+00  0.000000000000000000e+00  7.514200000000000000e+04  8.786406250000000000e+03  7.321049316406250000e+03  2.313623535156250000e+03
3.400000000000000000e+01  0.000000000000000000e+00  0.000000000000000000e+00  0.000000000000000000e+00  6.351700000000000000e+04  8.458312500000000000e+03  7.048128417968750000e+03  2.224184814453125000e+03
3.300000000000000000e+01  0.000000000000000000e+00  0.000000000000000000e+00  0.000000000000000000e+00  4.842300000000000000e+04  8.103663085937500000e+03  6.753623535156250000e+03  2.128553466796875000e+03
3.200000000000000000e+01  0.000000000000000000e+00  0.000000000000000000e+00  0.000000000000000000e+00  4.829400000000000000e+04  7.989325683593750000e+03  6.658518066406250000e+03  2.098331054687500000e+03
3.100000000000000000e+01  0.000000000000000000e+00  0.000000000000000000e+00  0.000000000000000000e+00  4.432400000000000000e+04  7.727871093750000000e+03  6.441057617187500000e+03  2.027393920898437500e+03
3.000000000000000000e+01  0.000000000000000000e+00  0.000000000000000000e+00  0.000000000000000000e+00  3.767100000000000000e+04  7.368544433593750000e+03  6.142110839843750000e+03  1.930412475585937500e+03
2.900000000000000000e+01  0.000000000000000000e+00  0.000000000000000000e+00  0.000000000000000000e+00  2.986400000000000000e+04  7.026455078125000000e+03  5.856979492187500000e+03  1.838355102539062500e+03
2.800000000000000000e+01  0.000000000000000000e+00  0.000000000000000000e+00  0.000000000000000000e+00  2.735900000000000000e+04  6.731706054687500000e+03  5.611720214843750000e+03  1.759497924804687500e+03
2.700000000000000000e+01  0.000000000000000000e+00  0.000000000000000000e+00  0.000000000000000000e+00  5.925700000000000000e+04  6.418929687500000000e+03  5.351606933593750000e+03  1.675968994140625000e+03
2.600000000000000000e+01  0.000000000000000000e+00  0.000000000000000000e+00  0.000000000000000000e+00  3.903900000000000000e+04  6.121198242187500000e+03  5.103420898437500000e+03  1.596479614257812500e+03
2.500000000000000000e+01  0.000000000000000000e+00  0.000000000000000000e+00  0.000000000000000000e+00  2.959400000000000000e+04  5.836834960937500000e+03  4.866698730468750000e+03  1.520700195312500000e+03
2.400000000000000000e+01  0.000000000000000000e+00  0.000000000000000000e+00  0.000000000000000000e+00  3.909000000000000000e+04  5.566222167968750000e+03  4.641089843750000000e+03  1.448799560546875000e+03
2.300000000000000000e+01  0.000000000000000000e+00  0.000000000000000000e+00  0.000000000000000000e+00  2.647000000000000000e+04  5.333215332031250000e+03  4.446863281250000000e+03  1.387063110351562500e+03
