1.260000000000000000e+02  -5.634289741516113281e+00  -1.031120061874389648e+00  -8.388942718505859375e+00  3.668610000000000000e+05  2.975648437500000000e+04  1.152417968750000000e+04  3.830798828125000000e+04
1.250000000000000000e+02  1.363800048828125000e+01  -1.405941367149353027e+00  -1.026423454284667969e+01  3.655040000000000000e+05  2.936892382812500000e+04  1.138515136718750000e+04  3.777725781250000000e+04
1.240000000000000000e+02  -1.713848304748535156e+01  4.555522441864013672e+00  2.501528549194335938e+01  3.625990000000000000e+05  2.899693359375000000e+04  1.124715722656250000e+04  3.723838281250000000e+04
1.230000000000000000e+02  -4.352279281616210938e+01  -1.897684216499328613e+00  2.032700157165527344e+01  3.607560000000000000e+05  2.875656835937500000e+04  1.116157226562500000e+04  3.689044531250000000e+04
1.220000000000000000e+02  -5.821278381347656250e+01  -9.321306228637695312e+00  -2.045301198959350586e+00  3.579380000000000000e+05  2.839496093750000000e+04  1.103134472656250000e+04  3.638031640625000000e+04
1.210000000000000000e+02  -4.969102096557617188e+01  -1.404096889495849609e+01  -1.875811386108398438e+01  3.557060000000000000e+05  2.815148242187500000e+04  1.094503027343750000e+04  3.604632031250000000e+04
1.200000000000000000e+02  -5.266973018646240234e+00  -1.196249294281005859e+01  -3.823363494873046875e+01  3.528370000000000000e+05  2.777839062500000000e+04  1.081096093750000000e+04  3.555278515625000000e+04
1.190000000000000000e+02  4.798562622070312500e+01  -1.215346455574035645e+00  -1.718847084045410156e+01  3.504420000000000000e+05  2.740877148437500000e+04  1.067982324218750000e+04  3.505280468750000000e+04
1.180000000000000000e+02  6.789231872558593750e+01  7.836514472961425781e+00  9.522395133972167969e+00  3.483720000000000000e+05  2.717099023437500000e+04  1.059296386718750000e+04  3.471771484375000000e+04
1.170000000000000000e+02  7.809803771972656250e+01  2.394521522521972656e+01  4.894122695922851562e+01  3.440540000000000000e+05  2.682351953125000000e+04  1.046148828125000000e+04  3.422134375000000000e+04
1.160000000000000000e+02  7.549805450439453125e+01  3.913141632080078125e+01  8.258926391601562500e+01  3.408420000000000000e+05  2.648470703125000000e+04  1.032996093750000000e+04  3.373357812500000000e+04
1.150000000000000000e+02  7.042844390869140625e+01  4.844801712036132812e+01  9.939289093017578125e+01  3.373440000000000000e+05  2.626066992187500000e+04  1.024277343750000000e+04  3.341414062500000000e+04
1.140000000000000000e+02  6.192279815673828125e+01  5.560443115234375000e+01  1.195087661743164062e+02  3.335620000000000000e+05  2.592716992187500000e+04  1.011666503906250000e+04  3.294143359375000000e+04
1.130000000000000000e+02  4.802714920043945312e+01  5.812642288208007812e+01  1.370803527832031250e+02  3.305320000000000000e+05  2.560055078125000000e+04  9.994612304687500000e+03  3.247454687500000000e+04
1.120000000000000000e+02  3.055488586425781250e+01  5.818372726440429688e+01  1.492356262207031250e+02  3.260630000000000000e+05  2.528121093750000000e+04  9.874624023437500000e+03  3.201414453125000000e+04
1.110000000000000000e+02  1.040487766265869141e+01  6.115206909179687500e+01  1.564519042968750000e+02  3.228180000000000000e+05  2.496787890625000000e+04  9.752157226562500000e+03  3.156232812500000000e+04
1.100000000000000000e+02  -2.250957489013671875e+00  6.063516235351562500e+01  1.551305236816406250e+02  3.211350000000000000e+05  2.475941210937500000e+04  9.671484375000000000e+03  3.126726562500000000e+04
1.090000000000000000e+02  -2.104006195068359375e+01  5.947179412841796875e+01  1.498212432861328125e+02  3.180050000000000000e+05  2.445014453125000000e+04  9.553036132812500000e+03  3.083084570312500000e+04
1.080000000000000000e+02  -3.905256271362304688e+01  5.490466308593750000e+01  1.382376708984375000e+02  3.154350000000000000e+05  2.414450781250000000e+04  9.435963867187500000e+03  3.040169726562500000e+04
1.070000000000000000e+02  -5.632194519042968750e+01  4.809550857543945312e+01  1.221940231323242188e+02  3.117210000000000000e+05  2.384323437500000000e+04  9.321151367187500000e+03  2.998006054687500000e+04
1.060000000000000000e+02  -7.250460052490234375e+01  3.870726013183593750e+01  9.795758819580078125e+01  3.100100000000000000e+05  2.354579882812500000e+04  9.208961914062500000e+03  2.956641406250000000e+04
1.050000000000000000e+02  -8.648355102539062500e+01  2.543555641174316406e+01  6.663872528076171875e+01  3.062870000000000000e+05  2.325285937500000000e+04  9.100750976562500000e+03  2.916142578125000000e+04
1.040000000000000000e+02  -9.464118194580078125e+01  1.060149669647216797e+01  2.806471443176269531e+01  3.026330000000000000e+05  2.296266601562500000e+04  8.993214843750000000e+03  2.876464257812500000e+04
1.030000000000000000e+02  -9.191884613037109375e+01  -5.175614833831787109e+00  -1.315684127807617188e+01  2.980660000000000000e+05  2.267185156250000000e+04  8.886999023437500000e+03  2.837606250000000000e+04
1.020000000000000000e+02  -7.480052947998046875e+01  -1.893260383605957031e+01  -5.389532470703125000e+01  2.964310000000000000e+05  2.237911718750000000e+04  8.780990234375000000e+03  2.799255273437500000e+04
1.010000000000000000e+02  -4.739024353027343750e+01  -3.120687484741210938e+01  -8.752708435058593750e+01  2.929280000000000000e+05  2.208614062500000000e+04  8.676045898437500000e+03  2.761177539062500000e+04
1.000000000000000000e+02  -1.225225210189819336e+00  -4.576374435424804688e+01  -1.201829757690429688e+02  2.900770000000000000e+05  2.169779492187500000e+04  8.537872070312500000e+03  2.710832421875000000e+04
9.900000000000000000e+01  3.508388137817382812e+01  -5.365933227539062500e+01  -1.350646972656250000e+02  2.860410000000000000e+05  2.141082617187500000e+04  8.435721679687500000e+03  2.673188671875000000e+04
9.800000000000000000e+01  6.654903411865234375e+01  -6.027466583251953125e+01  -1.449572601318359375e+02  2.825450000000000000e+05  2.112889648437500000e+04  8.333242187500000000e+03  2.635973828125000000e+04
9.700000000000000000e+01  9.675827026367187500e+01  -6.202016448974609375e+01  -1.506628112792968750e+02  2.799570000000000000e+05  2.085088671875000000e+04  8.230847656250000000e+03  2.599236523437500000e+04
9.600000000000000000e+01  1.361465301513671875e+02  -5.988159942626953125e+01  -1.537083892822265625e+02  2.766420000000000000e+05  2.048579492187500000e+04  8.094533203125000000e+03  2.550929296875000000e+04
9.500000000000000000e+01  1.626057281494140625e+02  -5.882983779907226562e+01  -1.515515747070312500e+02  2.733990000000000000e+05  2.021674804687500000e+04  7.993625000000000000e+03  2.515037109375000000e+04
9.400000000000000000e+01  1.960572967529296875e+02  -5.402412033081054688e+01  -1.454317474365234375e+02  2.714770000000000000e+05  1.986483984375000000e+04  7.859381835937500000e+03  2.468013867187500000e+04
9.300000000000000000e+01  2.216520690917968750e+02  -5.039340972900390625e+01  -1.398828582763671875e+02  2.674130000000000000e+05  1.960429492187500000e+04  7.760445312500000000e+03  2.433334960937500000e+04
9.200000000000000000e+01  2.516327819824218750e+02  -4.979262542724609375e+01  -1.297252349853515625e+02  2.607950000000000000e+05  1.926146093750000000e+04  7.635499023437500000e+03  2.387779882812500000e+04
9.100000000000000000e+01  2.674513244628906250e+02  -5.291988372802734375e+01  -1.198266143798828125e+02  2.576420000000000000e+05  1.901242382812500000e+04  7.545115722656250000e+03  2.354027929687500000e+04
9.000000000000000000e+01  2.904779968261718750e+02  -4.771497344970703125e+01  -1.074100112915039062e+02  2.539010000000000000e+05  1.868402343750000000e+04  7.417855468750000000e+03  2.309555273437500000e+04
8.900000000000000000e+01  3.108261718750000000e+02  -3.993358230590820312e+01  -9.056071472167968750e+01  2.505480000000000000e+05  1.835932226562500000e+04  7.289566406250000000e+03  2.265841015625000000e+04
8.800000000000000000e+01  3.271669616699218750e+02  -2.994193840026855469e+01  -7.520397949218750000e+01  2.448960000000000000e+05  1.803895312500000000e+04  7.163781250000000000e+03  2.223137304687500000e+04
8.700000000000000000e+01  3.357187805175781250e+02  -2.569820594787597656e+01  -6.324738693237304688e+01  2.419060000000000000e+05  1.780332421875000000e+04  7.071981933593750000e+03  2.191715820312500000e+04
8.600000000000000000e+01  3.507692871093750000e+02  -1.965062713623046875e+01  -5.329116439819335938e+01  2.549830000000000000e+05  1.749433007812500000e+04  6.949209472656250000e+03  2.150603320312500000e+04
8.500000000000000000e+01  3.556881408691406250e+02  -1.747340202331542969e+01  -5.084156417846679688e+01  2.634250000000000000e+05  1.741776562500000000e+04  6.918920898437500000e+03  2.140431835937500000e+04
8.400000000000000000e+01  3.698841552734375000e+02  -1.000488090515136719e+01  -3.499016571044921875e+01  2.499890000000000000e+05  1.711476757812500000e+04  6.801677734375000000e+03  2.100170312500000000e+04
8.300000000000000000e+01  3.765125122070312500e+02  -3.476432085037231445e+00  -1.747644424438476562e+01  2.546940000000000000e+05  1.681793750000000000e+04  6.685871093750000000e+03  2.060555273437500000e+04
8.200000000000000000e+01  3.773775329589843750e+02  1.948667645454406738e+00  -7.046697139739990234e-01  2.485680000000000000e+05  1.652812304687500000e+04  6.571006835937500000e+03  2.021826757812500000e+04
8.100000000000000000e+01  3.787985229492187500e+02  3.209414958953857422e+00  1.442401885986328125e+01  2.437840000000000000e+05  1.624300878906250000e+04  6.459647460937500000e+03  1.983764453125000000e+04
8.000000000000000000e+01  3.848645629882812500e+02  9.061857223510742188e+00  3.275798797607421875e+01  2.356500000000000000e+05  1.589644042968750000e+04  6.324122558593750000e+03  1.936855273437500000e+04
7.900000000000000000e+01  3.845953979492187500e+02  1.750533294677734375e+01  5.141354751586914062e+01  2.284790000000000000e+05  1.562467480468750000e+04  6.214552246093750000e+03  1.900110937500000000e+04
7.800000000000000000e+01  3.796911926269531250e+02  1.935304069519042969e+01  7.109329223632812500e+01  2.188750000000000000e+05  1.529249218750000000e+04  6.082184082031250000e+03  1.855193359375000000e+04
7.700000000000000000e+01  3.735807495117187500e+02  2.492962455749511719e+01  8.436768341064453125e+01  2.142950000000000000e+05  1.496750976562500000e+04  5.946885742187500000e+03  1.811806835937500000e+04
7.600000000000000000e+01  3.732128906250000000e+02  3.364620590209960938e+01  9.444036865234375000e+01  2.084480000000000000e+05  1.464347656250000000e+04  5.811668945312500000e+03  1.769411718750000000e+04
7.500000000000000000e+01  3.694465332031250000e+02  3.701569366455078125e+01  1.003987045288085938e+02  2.008840000000000000e+05  1.433154101562500000e+04  5.683990722656250000e+03  1.728519335937500000e+04
7.400000000000000000e+01  3.679028015136718750e+02  4.502195739746093750e+01  1.096292572021484375e+02  1.947790000000000000e+05  1.402422656250000000e+04  5.555141601562500000e+03  1.688381640625000000e+04
7.300000000000000000e+01  3.678543090820312500e+02  5.460334777832031250e+01  1.225701599121093750e+02  1.839990000000000000e+05  1.365716699218750000e+04  5.403616699218750000e+03  1.641181250000000000e+04
7.200000000000000000e+01  3.779145812988281250e+02  5.909395217895507812e+01  1.370922698974609375e+02  2.061690000000000000e+05  1.334882714843750000e+04  5.283993652343750000e+03  1.602316699218750000e+04
7.100000000000000000e+01  3.838591918945312500e+02  5.566447830200195312e+01  1.547316284179687500e+02  1.638200000000000000e+05  1.299016699218750000e+04  5.153986816406250000e+03  1.557199707031250000e+04
7.000000000000000000e+01  3.800325317382812500e+02  5.142679214477539062e+01  1.667700958251953125e+02  1.610420000000000000e+05  1.264759179687500000e+04  5.025431152343750000e+03  1.513741406250000000e+04
6.900000000000000000e+01  3.754562988281250000e+02  4.677596282958984375e+01  1.715131378173828125e+02  1.734860000000000000e+05  1.231481933593750000e+04  4.898860839843750000e+03  1.471821289062500000e+04
6.800000000000000000e+01  3.716958007812500000e+02  4.477596282958984375e+01  1.767204437255859375e+02  1.639350000000000000e+05  1.193709082031250000e+04  4.755617187500000000e+03  1.424320507812500000e+04
6.700000000000000000e+01  3.615527038574218750e+02  4.313064575195312500e+01  1.806882934570312500e+02  1.420280000000000000e+05  1.156767578125000000e+04  4.615956054687500000e+03  1.378431835937500000e+04
6.600000000000000000e+01  3.511732482910156250e+02  3.352299118041992188e+01  1.877034912109375000e+02  1.469660000000000000e+05  1.121006738281250000e+04  4.480332031250000000e+03  1.333999316406250000e+04
6.500000000000000000e+01  3.432914733886718750e+02  2.664560317993164062e+01  1.888818511962890625e+02  1.668680000000000000e+05  1.086402734375000000e+04  4.347470214843750000e+03  1.290940722656250000e+04
6.400000000000000000e+01  3.396546936035156250e+02  2.416358375549316406e+01  1.884788513183593750e+02  1.557020000000000000e+05  1.048066992187500000e+04  4.198788085937500000e+03  1.243464550781250000e+04
6.300000000000000000e+01  3.368827819824218750e+02  2.675056648254394531e+01  1.905011291503906250e+02  1.420140000000000000e+05  1.010845898437500000e+04  4.054945068359375000e+03  1.197691992187500000e+04
6.200000000000000000e+01  3.249961242675781250e+02  3.336012649536132812e+01  1.986892852783203125e+02  1.260080000000000000e+05  9.705520507812500000e+03  3.896387695312500000e+03  1.148014257812500000e+04
6.100000000000000000e+01  3.108671569824218750e+02  3.423042297363281250e+01  2.060305786132812500e+02  1.110950000000000000e+05  9.319045898437500000e+03  3.745525390625000000e+03  1.100368652343750000e+04
6.000000000000000000e+01  2.984152526855468750e+02  3.403447341918945312e+01  2.089475708007812500e+02  1.054380000000000000e+05  9.070369140625000000e+03  3.646674316406250000e+03  1.069883593750000000e+04
5.900000000000000000e+01  2.905747070312500000e+02  3.254031753540039062e+01  2.110580444335937500e+02  9.983400000000000000e+04  8.907948242187500000e+03  3.583532226562500000e+03  1.049949902343750000e+04
5.800000000000000000e+01  2.699056396484375000e+02  2.805028724670410156e+01  2.184125213623046875e+02  9.104500000000000000e+04  8.514643554687500000e+03  3.428729980468750000e+03  1.001487402343750000e+04
5.700000000000000000e+01  2.533785705566406250e+02  2.416515159606933594e+01  2.265032806396484375e+02  8.126200000000000000e+04  8.136616210937500000e+03  3.280629150390625000e+03  9.551400390625000000e+03
5.600000000000000000e+01  2.361334381103515625e+02  1.866872024536132812e+01  2.345632781982421875e+02  7.739200000000000000e+04  7.772272949218750000e+03  3.141007324218750000e+03  9.107807617187500000e+03
5.400000000000000000e+01  2.200823974609375000e+02  2.233105087280273438e+01  2.380981445312500000e+02  6.969500000000000000e+04  7.319474121093750000e+03  2.958294189453125000e+03  8.562535156250000000e+03
5.200000000000000000e+01  2.122951812744140625e+02  2.858480262756347656e+01  2.403844604492187500e+02  5.194400000000000000e+04  6.757116210937500000e+03  2.730296386718750000e+03  7.895572753906250000e+03
5.100000000000000000e+01  2.088754272460937500e+02  3.027856826782226562e+01  2.427070617675781250e+02  4.532200000000000000e+04  6.478303710937500000e+03  2.617879150390625000e+03  7.563629882812500000e+03
5.000000000000000000e+01  2.000985565185546875e+02  2.920412254333496094e+01  2.406045379638671875e+02  4.217700000000000000e+04  6.183254394531250000e+03  2.498967529296875000e+03  7.213099121093750000e+03
4.900000000000000000e+01  1.982505035400390625e+02  2.896409606933593750e+01  2.398568115234375000e+02  3.845300000000000000e+04  6.126232421875000000e+03  2.475924804687500000e+03  7.145391601562500000e+03
4.800000000000000000e+01  1.909457855224609375e+02  2.903828620910644531e+01  2.344869689941406250e+02  4.440000000000000000e+04  5.902843750000000000e+03  2.385562011718750000e+03  6.882607421875000000e+03
4.700000000000000000e+01  1.833783264160156250e+02  2.764893150329589844e+01  2.255871734619140625e+02  5.387900000000000000e+04  5.633962402343750000e+03  2.278387939453125000e+03  6.569820800781250000e+03
4.600000000000000000e+01  1.797832946777343750e+02  2.659630012512207031e+01  2.203049163818359375e+02  5.218600000000000000e+04  5.375647460937500000e+03  2.175068359375000000e+03  6.269202148437500000e+03
4.500000000000000000e+01  1.775733642578125000e+02  2.575910568237304688e+01  2.176837005615234375e+02  7.271500000000000000e+04  5.251048339843750000e+03  2.125506103515625000e+03  6.123685058593750000e+03
4.400000000000000000e+01  1.755059967041015625e+02  2.513663101196289062e+01  2.159391021728515625e+02  7.510800000000000000e+04  5.153519042968750000e+03  2.086678710937500000e+03  6.009607421875000000e+03
4.300000000000000000e+01  1.683215026855468750e+02  2.342989349365234375e+01  2.088768920898437500e+02  6.219300000000000000e+04  4.917436523437500000e+03  1.992714355468750000e+03  5.733989746093750000e+03
4.200000000000000000e+01  1.620026397705078125e+02  2.225277328491210938e+01  2.011457366943359375e+02  5.440000000000000000e+04  4.692117187500000000e+03  1.902499511718750000e+03  5.470316406250000000e+03
4.100000000000000000e+01  1.596344299316406250e+02  2.110287857055664062e+01  1.981996002197265625e+02  5.332000000000000000e+04  4.604781738281250000e+03  1.868197998046875000e+03  5.368007812500000000e+03
4.000000000000000000e+01  1.551904907226562500e+02  2.039068412780761719e+01  1.932791595458984375e+02  4.936100000000000000e+04  4.477368164062500000e+03  1.817259033203125000e+03  5.218868164062500000e+03
3.900000000000000000e+01  1.490952453613281250e+02  1.777371215820312500e+01  1.864951019287109375e+02  4.161400000000000000e+04  4.292560058593750000e+03  1.744781250000000000e+03  5.002358886718750000e+03
3.800000000000000000e+01  1.396016235351562500e+02  1.600619697570800781e+01  1.796868286132812500e+02  3.183600000000000000e+04  4.098937500000000000e+03  1.666258300781250000e+03  4.772346191406250000e+03
3.700000000000000000e+01  1.311691131591796875e+02  1.454674720764160156e+01  1.734834747314453125e+02  3.452500000000000000e+04  3.913334716796875000e+03  1.590828125000000000e+03  4.552404296875000000e+03
3.600000000000000000e+01  1.239152832031250000e+02  1.189952564239501953e+01  1.675215911865234375e+02  2.852800000000000000e+04  3.736085693359375000e+03  1.519423095703125000e+03  4.342701171875000000e+03
3.500000000000000000e+01  1.228327407836914062e+02  1.113579940795898438e+01  1.661064300537109375e+02  2.825400000000000000e+04  3.701427001953125000e+03  1.505645507812500000e+03  4.301988281250000000e+03
3.400000000000000000e+01  1.175974502563476562e+02  9.603372573852539062e+00  1.612528533935546875e+02  7.123100000000000000e+04  3.565833984375000000e+03  1.451030761718750000e+03  4.142668945312500000e+03
3.300000000000000000e+01  1.115764236450195312e+02  8.068175315856933594e+00  1.559535064697265625e+02  7.196200000000000000e+04  3.419616699218750000e+03  1.391928344726562500e+03  3.970512451171875000e+03
3.200000000000000000e+01  1.098122329711914062e+02  7.941312789916992188e+00  1.544480285644531250e+02  6.057400000000000000e+04  3.372037353515625000e+03  1.372351928710937500e+03  3.914502685546875000e+03
3.100000000000000000e+01  1.057018661499023438e+02  7.428587436676025391e+00  1.506795196533203125e+02  7.075800000000000000e+04  3.263945312500000000e+03  1.328258911132812500e+03  3.787566162109375000e+03
3.000000000000000000e+01  1.009846038818359375e+02  6.366703033447265625e+00  1.437186126708984375e+02  9.602300000000000000e+04  3.114927490234375000e+03  1.267199096679687500e+03  3.612866943359375000e+03
2.900000000000000000e+01  9.641385650634765625e+01  5.499145030975341797e+00  1.385630950927734375e+02  7.675700000000000000e+04  2.972718261718750000e+03  1.209437255859375000e+03  3.446114501953125000e+03
2.800000000000000000e+01  9.274185180664062500e+01  4.639900684356689453e+00  1.345175476074218750e+02  6.287900000000000000e+04  2.849689697265625000e+03  1.159749511718750000e+03  3.302202148437500000e+03
2.700000000000000000e+01  8.732946777343750000e+01  4.411126613616943359e+00  1.290151519775390625e+02  5.387100000000000000e+04  2.719515625000000000e+03  1.106519775390625000e+03  3.149930419921875000e+03
2.600000000000000000e+01  8.342596435546875000e+01  4.483946800231933594e+00  1.243378753662109375e+02  3.953200000000000000e+04  2.594947509765625000e+03  1.055424194335937500e+03  3.004466064453125000e+03
2.500000000000000000e+01  7.981011199951171875e+01  2.620144844055175781e+00  1.194971389770507812e+02  3.352600000000000000e+04  2.475900390625000000e+03  1.008339172363281250e+03  2.866139404296875000e+03
2.400000000000000000e+01  7.609655761718750000e+01  1.838696718215942383e+00  1.153178100585937500e+02  5.303400000000000000e+04  2.362519531250000000e+03  9.623348999023437500e+02  2.733677246093750000e+03
