1.160000000000000000e+02  -5.190834522247314453e+00  2.080732822418212891e+00  1.282312107086181641e+01  3.397960000000000000e+05  7.772513281250000000e+04  6.566867968750000000e+04  5.599605078125000000e+04
1.150000000000000000e+02  9.996154785156250000e+00  -4.475174903869628906e+00  -1.903365516662597656e+01  3.359140000000000000e+05  7.699671093750000000e+04  6.506380468750000000e+04  5.543109765625000000e+04
1.140000000000000000e+02  1.833540344238281250e+01  -2.989598846435546875e+01  -2.598661231994628906e+01  3.310470000000000000e+05  7.591976562500000000e+04  6.417398046875000000e+04  5.458814062500000000e+04
1.130000000000000000e+02  5.777065277099609375e+00  -3.300635528564453125e+01  -2.748764753341674805e+00  3.264550000000000000e+05  7.486299218750000000e+04  6.329239062500000000e+04  5.375090625000000000e+04
1.120000000000000000e+02  -1.397152709960937500e+01  1.637666702270507812e+01  2.037688446044921875e+01  3.206170000000000000e+05  7.382361718750000000e+04  6.240903906250000000e+04  5.292398828125000000e+04
1.110000000000000000e+02  -7.410001754760742188e+00  6.582551574707031250e+01  2.910484075546264648e+00  3.173980000000000000e+05  7.279067187500000000e+04  6.153852734375000000e+04  5.212155468750000000e+04
1.100000000000000000e+02  6.116731762886047363e-01  8.584629821777343750e+01  -1.316728496551513672e+01  3.151640000000000000e+05  7.210871093750000000e+04  6.096828906250000000e+04  5.159454687500000000e+04
1.090000000000000000e+02  1.138539314270019531e+01  1.056284713745117188e+02  -3.502857589721679688e+01  3.102800000000000000e+05  7.109798437500000000e+04  6.012527343750000000e+04  5.081427343750000000e+04
1.080000000000000000e+02  2.317866516113281250e+01  1.177680740356445312e+02  -5.739176940917968750e+01  3.058260000000000000e+05  7.010053906250000000e+04  5.929574609375000000e+04  5.004742187500000000e+04
1.070000000000000000e+02  3.388655853271484375e+01  1.197908630371093750e+02  -7.627210998535156250e+01  3.004160000000000000e+05  6.911618750000000000e+04  5.848207031250000000e+04  4.929212890625000000e+04
1.060000000000000000e+02  4.194522476196289062e+01  1.178457412719726562e+02  -8.688378143310546875e+01  2.961770000000000000e+05  6.814596875000000000e+04  5.767775390625000000e+04  4.854399218750000000e+04
1.050000000000000000e+02  4.998236846923828125e+01  1.063188781738281250e+02  -1.039261016845703125e+02  2.927720000000000000e+05  6.718764843750000000e+04  5.689159765625000000e+04  4.781594921875000000e+04
1.040000000000000000e+02  5.473648834228515625e+01  9.822837066650390625e+01  -1.114800033569335938e+02  2.889040000000000000e+05  6.624614843750000000e+04  5.610995312500000000e+04  4.709253515625000000e+04
1.030000000000000000e+02  6.009177017211914062e+01  8.228563690185546875e+01  -1.219296646118164062e+02  2.839610000000000000e+05  6.531574609375000000e+04  5.534225781250000000e+04  4.638728906250000000e+04
1.020000000000000000e+02  6.414229583740234375e+01  4.816495513916015625e+01  -1.239317626953125000e+02  2.801890000000000000e+05  6.439707421875000000e+04  5.460144140625000000e+04  4.568823046875000000e+04
1.010000000000000000e+02  6.450025177001953125e+01  1.832099914550781250e+01  -1.102417526245117188e+02  2.759700000000000000e+05  6.349417578125000000e+04  5.386403906250000000e+04  4.498967578125000000e+04
1.000000000000000000e+02  5.559283447265625000e+01  -1.971626663208007812e+01  -8.375892639160156250e+01  2.729110000000000000e+05  6.231250390625000000e+04  5.288916406250000000e+04  4.407513671875000000e+04
9.900000000000000000e+01  4.168065643310546875e+01  -4.639784622192382812e+01  -5.435007476806640625e+01  2.742080000000000000e+05  6.144302734375000000e+04  5.216937890625000000e+04  4.340006250000000000e+04
9.800000000000000000e+01  1.871188926696777344e+01  -7.096693420410156250e+01  -1.510502624511718750e+01  2.713390000000000000e+05  6.058937500000000000e+04  5.146114843750000000e+04  4.273358984375000000e+04
9.700000000000000000e+01  -5.809646129608154297e+00  -7.782294464111328125e+01  2.264817428588867188e+01  2.679260000000000000e+05  5.974800000000000000e+04  5.075576953125000000e+04  4.208153906250000000e+04
9.600000000000000000e+01  -3.573943710327148438e+01  -7.371010589599609375e+01  6.358680343627929688e+01  2.649580000000000000e+05  5.864325390625000000e+04  4.982712890625000000e+04  4.123935156250000000e+04
9.500000000000000000e+01  -5.390980911254882812e+01  -6.066240692138671875e+01  8.542084503173828125e+01  2.625170000000000000e+05  5.782532421875000000e+04  4.913905468750000000e+04  4.062339062500000000e+04
9.400000000000000000e+01  -7.794063568115234375e+01  -2.889228439331054688e+01  1.155531234741210938e+02  2.604860000000000000e+05  5.675357812500000000e+04  4.822752734375000000e+04  3.981325781250000000e+04
9.300000000000000000e+01  -8.978543853759765625e+01  -1.119239616394042969e+01  1.304095764160156250e+02  2.567200000000000000e+05  5.595833984375000000e+04  4.756267968750000000e+04  3.921960937500000000e+04
9.200000000000000000e+01  -9.798205566406250000e+01  9.523107528686523438e+00  1.413843841552734375e+02  2.500790000000000000e+05  5.490979296875000000e+04  4.669713671875000000e+04  3.844803906250000000e+04
9.100000000000000000e+01  -1.010644836425781250e+02  2.528597259521484375e+01  1.477942047119140625e+02  2.470240000000000000e+05  5.413594531250000000e+04  4.605968359375000000e+04  3.787833984375000000e+04
9.000000000000000000e+01  -1.004677200317382812e+02  4.747372436523437500e+01  1.586253509521484375e+02  2.430160000000000000e+05  5.311942578125000000e+04  4.522344921875000000e+04  3.712659375000000000e+04
8.900000000000000000e+01  -9.905175018310546875e+01  6.895159149169921875e+01  1.691737060546875000e+02  2.405260000000000000e+05  5.212333984375000000e+04  4.440174218750000000e+04  3.638825390625000000e+04
8.800000000000000000e+01  -9.521288299560546875e+01  8.906118011474609375e+01  1.806384429931640625e+02  2.354270000000000000e+05  5.114588671875000000e+04  4.359506640625000000e+04  3.566396093750000000e+04
8.700000000000000000e+01  -8.802604675292968750e+01  1.030147094726562500e+02  1.857297210693359375e+02  2.332060000000000000e+05  5.042286718750000000e+04  4.299812500000000000e+04  3.513246484375000000e+04
8.600000000000000000e+01  -8.080204010009765625e+01  1.263446044921875000e+02  1.913228759765625000e+02  2.286200000000000000e+05  4.947769531250000000e+04  4.221107421875000000e+04  3.443684765625000000e+04
8.500000000000000000e+01  -7.846952819824218750e+01  1.307112426757812500e+02  1.931846008300781250e+02  2.278710000000000000e+05  4.924365234375000000e+04  4.201756250000000000e+04  3.426448437500000000e+04
8.400000000000000000e+01  -7.006755828857421875e+01  1.449627532958984375e+02  1.979059600830078125e+02  2.243190000000000000e+05  4.832064453125000000e+04  4.125302343750000000e+04  3.358555468750000000e+04
8.300000000000000000e+01  -6.289273071289062500e+01  1.610191955566406250e+02  2.024047088623046875e+02  2.188290000000000000e+05  4.741380468750000000e+04  4.049881640625000000e+04  3.291869921875000000e+04
8.200000000000000000e+01  -5.549700546264648438e+01  1.735770721435546875e+02  2.060994873046875000e+02  2.141720000000000000e+05  4.652491406250000000e+04  3.976010156250000000e+04  3.226973632812500000e+04
8.100000000000000000e+01  -4.873933029174804688e+01  1.871594390869140625e+02  2.088817291259765625e+02  2.238320000000000000e+05  4.565547265625000000e+04  3.902974609375000000e+04  3.163469531250000000e+04
8.000000000000000000e+01  -3.748728179931640625e+01  2.014293670654296875e+02  2.086371154785156250e+02  2.542360000000000000e+05  4.458604687500000000e+04  3.813682031250000000e+04  3.086055664062500000e+04
7.900000000000000000e+01  -3.246521759033203125e+01  2.155867309570312500e+02  2.140863494873046875e+02  2.493680000000000000e+05  4.375184765625000000e+04  3.743401953125000000e+04  3.025094921875000000e+04
7.800000000000000000e+01  -3.648170471191406250e+01  2.106602783203125000e+02  2.213290863037109375e+02  2.454930000000000000e+05  4.273429687500000000e+04  3.659373437500000000e+04  2.950061914062500000e+04
7.700000000000000000e+01  -2.958370399475097656e+01  2.220025177001953125e+02  2.207339630126953125e+02  2.407970000000000000e+05  4.173325781250000000e+04  3.576127343750000000e+04  2.877923632812500000e+04
7.600000000000000000e+01  -2.569649696350097656e+01  2.445534210205078125e+02  2.169768066406250000e+02  2.351100000000000000e+05  4.075185156250000000e+04  3.492914062500000000e+04  2.807542578125000000e+04
7.500000000000000000e+01  -2.015650558471679688e+01  2.773696899414062500e+02  2.172458343505859375e+02  2.333030000000000000e+05  3.979278125000000000e+04  3.411147265625000000e+04  2.738401171875000000e+04
7.400000000000000000e+01  -1.093420886993408203e+01  3.015917053222656250e+02  2.157642974853515625e+02  2.278720000000000000e+05  3.885877343750000000e+04  3.332135937500000000e+04  2.671423242187500000e+04
7.300000000000000000e+01  -3.340866327285766602e+00  3.185903625488281250e+02  2.191889495849609375e+02  2.188380000000000000e+05  3.777335546875000000e+04  3.239844921875000000e+04  2.592903710937500000e+04
7.200000000000000000e+01  -8.718208312988281250e+00  3.233727111816406250e+02  2.235814666748046875e+02  2.138590000000000000e+05  3.689779296875000000e+04  3.165126367187500000e+04  2.528737890625000000e+04
7.100000000000000000e+01  -1.321030235290527344e+01  3.239213867187500000e+02  2.205788879394531250e+02  2.023070000000000000e+05  3.587172265625000000e+04  3.078254492187500000e+04  2.454339648437500000e+04
7.000000000000000000e+01  -1.339837837219238281e+01  3.226029052734375000e+02  2.124102935791015625e+02  1.944140000000000000e+05  3.487146093750000000e+04  2.993991406250000000e+04  2.382594335937500000e+04
6.900000000000000000e+01  -5.934406280517578125e+00  3.227105712890625000e+02  1.998821258544921875e+02  1.860610000000000000e+05  3.389365234375000000e+04  2.912175585937500000e+04  2.313753515625000000e+04
6.800000000000000000e+01  6.177078247070312500e+00  3.296049804687500000e+02  1.862919616699218750e+02  1.803390000000000000e+05  3.278479687500000000e+04  2.818837890625000000e+04  2.236290234375000000e+04
6.700000000000000000e+01  2.064763832092285156e+01  3.395363769531250000e+02  1.819255828857421875e+02  1.745480000000000000e+05  3.170571484375000000e+04  2.727981445312500000e+04  2.160460742187500000e+04
6.600000000000000000e+01  3.249036788940429688e+01  3.495499267578125000e+02  1.853320922851562500e+02  2.052050000000000000e+05  3.066306835937500000e+04  2.639910937500000000e+04  2.086526367187500000e+04
6.500000000000000000e+01  4.554240417480468750e+01  3.556149291992187500e+02  1.890918426513671875e+02  2.289600000000000000e+05  2.965067578125000000e+04  2.554866796875000000e+04  2.015241406250000000e+04
6.400000000000000000e+01  5.785791778564453125e+01  3.548175354003906250e+02  1.883999023437500000e+02  2.152300000000000000e+05  2.853640039062500000e+04  2.461550195312500000e+04  1.937389453125000000e+04
6.300000000000000000e+01  6.852016448974609375e+01  3.548403320312500000e+02  1.867847595214843750e+02  2.510670000000000000e+05  2.746439062500000000e+04  2.371483203125000000e+04  1.862669140625000000e+04
6.200000000000000000e+01  7.793170928955078125e+01  3.510122375488281250e+02  1.807729644775390625e+02  2.398480000000000000e+05  2.630828515625000000e+04  2.274364062500000000e+04  1.782452539062500000e+04
6.100000000000000000e+01  8.278396606445312500e+01  3.415914001464843750e+02  1.718347015380859375e+02  2.729510000000000000e+05  2.520177343750000000e+04  2.181245898437500000e+04  1.705887500000000000e+04
6.000000000000000000e+01  8.861560821533203125e+01  3.383900146484375000e+02  1.635343627929687500e+02  2.236790000000000000e+05  2.449174414062500000e+04  2.121328320312500000e+04  1.656857617187500000e+04
5.900000000000000000e+01  9.119248962402343750e+01  3.382832031250000000e+02  1.607842559814453125e+02  2.510930000000000000e+05  2.402948046875000000e+04  2.082170312500000000e+04  1.624917968750000000e+04
5.800000000000000000e+01  9.360805511474609375e+01  3.351032409667968750e+02  1.582939453125000000e+02  2.275550000000000000e+05  2.291217382812500000e+04  1.987416406250000000e+04  1.547860351562500000e+04
5.700000000000000000e+01  9.249933624267578125e+01  3.277903442382812500e+02  1.550876770019531250e+02  2.081710000000000000e+05  2.184612695312500000e+04  1.896832226562500000e+04  1.474530566406250000e+04
5.600000000000000000e+01  9.137456512451171875e+01  3.172303771972656250e+02  1.513164367675781250e+02  2.063700000000000000e+05  2.083044335937500000e+04  1.810484570312500000e+04  1.404870019531250000e+04
5.400000000000000000e+01  8.874472808837890625e+01  3.057746582031250000e+02  1.446589202880859375e+02  1.903030000000000000e+05  1.958405468750000000e+04  1.703914843750000000e+04  1.319333007812500000e+04
5.200000000000000000e+01  8.307846832275390625e+01  2.909341125488281250e+02  1.382695465087890625e+02  1.583760000000000000e+05  1.806502148437500000e+04  1.573706054687500000e+04  1.215101660156250000e+04
5.100000000000000000e+01  7.960395812988281250e+01  2.825261840820312500e+02  1.322115783691406250e+02  1.593950000000000000e+05  1.730927148437500000e+04  1.508729687500000000e+04  1.163703125000000000e+04
5.000000000000000000e+01  7.208368682861328125e+01  2.726493530273437500e+02  1.262594909667968750e+02  1.501880000000000000e+05  1.650993359375000000e+04  1.439658691406250000e+04  1.109119335937500000e+04
4.900000000000000000e+01  7.108054351806640625e+01  2.709352416992187500e+02  1.259646072387695312e+02  1.430910000000000000e+05  1.635430566406250000e+04  1.426238964843750000e+04  1.098418652343750000e+04
4.800000000000000000e+01  6.729729461669921875e+01  2.637720642089843750e+02  1.230635681152343750e+02  1.308090000000000000e+05  1.574617382812500000e+04  1.373754394531250000e+04  1.056821289062500000e+04
4.700000000000000000e+01  6.404001617431640625e+01  2.561702575683593750e+02  1.179961395263671875e+02  1.794880000000000000e+05  1.501796875000000000e+04  1.310844140625000000e+04  1.007088671875000000e+04
4.600000000000000000e+01  5.987576293945312500e+01  2.484914703369140625e+02  1.142981796264648438e+02  1.613450000000000000e+05  1.432319335937500000e+04  1.250725097656250000e+04  9.597471679687500000e+03
4.500000000000000000e+01  5.802862167358398438e+01  2.447356414794921875e+02  1.125305709838867188e+02  1.619770000000000000e+05  1.398787109375000000e+04  1.221691210937500000e+04  9.369202148437500000e+03
4.400000000000000000e+01  5.660556793212890625e+01  2.417684478759765625e+02  1.112665557861328125e+02  1.543050000000000000e+05  1.372493261718750000e+04  1.198928515625000000e+04  9.190479492187500000e+03
4.300000000000000000e+01  5.305273056030273438e+01  2.331431579589843750e+02  1.080563354492187500e+02  1.638560000000000000e+05  1.309005175781250000e+04  1.143881445312500000e+04  8.758761718750000000e+03
4.200000000000000000e+01  4.972319030761718750e+01  2.242396392822265625e+02  1.038845367431640625e+02  1.576500000000000000e+05  1.248426562500000000e+04  1.091442773437500000e+04  8.348160156250000000e+03
4.100000000000000000e+01  4.747827148437500000e+01  2.212536010742187500e+02  1.010469284057617188e+02  1.544520000000000000e+05  1.225065429687500000e+04  1.071100878906250000e+04  8.190646484375000000e+03
4.000000000000000000e+01  4.609335327148437500e+01  2.158599853515625000e+02  9.852066802978515625e+01  1.316240000000000000e+05  1.190691308593750000e+04  1.041369042968750000e+04  7.958138671875000000e+03
3.900000000000000000e+01  4.435770034790039062e+01  2.086720123291015625e+02  9.532463836669921875e+01  1.455190000000000000e+05  1.140939550781250000e+04  9.982392578125000000e+03  7.621684570312500000e+03
3.800000000000000000e+01  4.255718231201171875e+01  2.017294921875000000e+02  9.238002777099609375e+01  1.829040000000000000e+05  1.088094140625000000e+04  9.522958984375000000e+03  7.264109375000000000e+03
3.700000000000000000e+01  4.020254135131835938e+01  1.950386352539062500e+02  8.831276702880859375e+01  1.131530000000000000e+05  1.037681738281250000e+04  9.084183593750000000e+03  6.924661621093750000e+03
3.600000000000000000e+01  3.726802444458007812e+01  1.885493927001953125e+02  8.493836975097656250e+01  3.627100000000000000e+05  9.897011718750000000e+03  8.665844726562500000e+03  6.601201171875000000e+03
3.500000000000000000e+01  3.709196472167968750e+01  1.868411254882812500e+02  8.469898223876953125e+01  3.754990000000000000e+05  9.803274414062500000e+03  8.584533203125000000e+03  6.538057128906250000e+03
3.400000000000000000e+01  3.469722747802734375e+01  1.814751892089843750e+02  8.154681396484375000e+01  3.519170000000000000e+05  9.438610351562500000e+03  8.266464843750000000e+03  6.292837402343750000e+03
3.300000000000000000e+01  3.254139709472656250e+01  1.743975677490234375e+02  7.850787353515625000e+01  3.360260000000000000e+05  9.044258789062500000e+03  7.923317871093750000e+03  6.028083496093750000e+03
3.200000000000000000e+01  3.128791999816894531e+01  1.722823638916015625e+02  7.766880035400390625e+01  3.121670000000000000e+05  8.916774414062500000e+03  7.811785644531250000e+03  5.942425292968750000e+03
3.100000000000000000e+01  2.939169120788574219e+01  1.680898895263671875e+02  7.595700836181640625e+01  2.750730000000000000e+05  8.625893554687500000e+03  7.558073730468750000e+03  5.746960449218750000e+03
3.000000000000000000e+01  2.753050613403320312e+01  1.610551757812500000e+02  7.289778900146484375e+01  2.135200000000000000e+05  8.225962890625000000e+03  7.210372070312500000e+03  5.479135253906250000e+03
2.900000000000000000e+01  2.615507125854492188e+01  1.547779235839843750e+02  6.985474395751953125e+01  1.751760000000000000e+05  7.845554199218750000e+03  6.878159667968750000e+03  5.223962402343750000e+03
2.800000000000000000e+01  2.565091514587402344e+01  1.497412414550781250e+02  6.679610443115234375e+01  1.574830000000000000e+05  7.517379882812500000e+03  6.591757324218750000e+03  5.004108398437500000e+03
2.700000000000000000e+01  2.520608901977539062e+01  1.433061218261718750e+02  6.361532974243164062e+01  1.524930000000000000e+05  7.169101562500000000e+03  6.287697753906250000e+03  4.770973632812500000e+03
2.600000000000000000e+01  2.430988502502441406e+01  1.369860382080078125e+02  6.020893478393554688e+01  2.016780000000000000e+05  6.837306640625000000e+03  5.998069335937500000e+03  4.548979492187500000e+03
2.500000000000000000e+01  2.314828872680664062e+01  1.309668273925781250e+02  5.768360137939453125e+01  1.104970000000000000e+05  6.520487792968750000e+03  5.721503906250000000e+03  4.336867187500000000e+03
