1.250000000000000000e+02  -9.386907577514648438e+00  -9.369656562805175781e+00  -2.303722953796386719e+01
1.240000000000000000e+02  -2.316149139404296875e+01  -1.836786651611328125e+01  -1.778475999832153320e+00
1.230000000000000000e+02  -1.615137481689453125e+01  -1.023329544067382812e+01  1.958092308044433594e+01
1.220000000000000000e+02  1.855482101440429688e+01  1.969373512268066406e+01  2.447243118286132812e+01
1.210000000000000000e+02  3.591094207763671875e+01  3.263220977783203125e+01  8.428341865539550781e+00
1.200000000000000000e+02  4.958323287963867188e+01  3.868317031860351562e+01  -2.029394912719726562e+01
1.190000000000000000e+02  5.041860198974609375e+01  3.616341018676757812e+01  -4.643445968627929688e+01
1.180000000000000000e+02  4.464754104614257812e+01  3.026437950134277344e+01  -6.134793853759765625e+01
1.170000000000000000e+02  2.861690902709960938e+01  1.414001464843750000e+01  -7.539407348632812500e+01
1.160000000000000000e+02  6.611715793609619141e+00  -3.778751850128173828e+00  -7.491518402099609375e+01
1.150000000000000000e+02  -1.135352325439453125e+01  -1.800527954101562500e+01  -6.629969787597656250e+01
1.140000000000000000e+02  -3.650756072998046875e+01  -3.628846359252929688e+01  -3.254233551025390625e+01
1.130000000000000000e+02  -4.880010604858398438e+01  -4.047333908081054688e+01  8.288648605346679688e+00
1.120000000000000000e+02  -4.475815963745117188e+01  -3.540483474731445312e+01  5.113846206665039062e+01
1.110000000000000000e+02  -3.579442596435546875e+01  -2.148900604248046875e+01  8.533440399169921875e+01
1.100000000000000000e+02  -2.551288986206054688e+01  -1.071243667602539062e+01  1.038090972900390625e+02
1.090000000000000000e+02  -7.152053356170654297e+00  6.601276874542236328e+00  1.201416320800781250e+02
1.080000000000000000e+02  7.816061496734619141e+00  2.441131973266601562e+01  1.326273040771484375e+02
1.070000000000000000e+02  2.419575309753417969e+01  4.344060134887695312e+01  1.360190582275390625e+02
1.060000000000000000e+02  3.729534530639648438e+01  5.983589553833007812e+01  1.367341918945312500e+02
1.050000000000000000e+02  4.920186996459960938e+01  7.316947937011718750e+01  1.309188690185546875e+02
1.040000000000000000e+02  5.868127441406250000e+01  8.483818817138671875e+01  1.208561325073242188e+02
1.030000000000000000e+02  6.650037384033203125e+01  9.386247253417968750e+01  1.063622131347656250e+02
1.020000000000000000e+02  7.482600402832031250e+01  1.003260650634765625e+02  8.899998474121093750e+01
1.010000000000000000e+02  8.056790161132812500e+01  1.038728179931640625e+02  6.985733032226562500e+01
1.000000000000000000e+02  8.493310546875000000e+01  1.023837585449218750e+02  3.415843200683593750e+01
9.900000000000000000e+01  8.093329620361328125e+01  9.561073303222656250e+01  4.099338531494140625e+00
9.800000000000000000e+01  7.361561584472656250e+01  8.773508453369140625e+01  -2.982335853576660156e+01
9.700000000000000000e+01  6.203197479248046875e+01  7.488100433349609375e+01  -6.065040969848632812e+01
9.600000000000000000e+01  4.175118637084960938e+01  4.980546951293945312e+01  -9.803186035156250000e+01
9.500000000000000000e+01  2.232371330261230469e+01  2.938962554931640625e+01  -1.201466217041015625e+02
9.400000000000000000e+01  -5.115874767303466797e+00  -4.496205329895019531e+00  -1.383031463623046875e+02
9.300000000000000000e+01  -2.596351814270019531e+01  -2.492952346801757812e+01  -1.431016540527343750e+02
9.200000000000000000e+01  -4.463995361328125000e+01  -5.406547546386718750e+01  -1.404921722412109375e+02
9.100000000000000000e+01  -6.173973846435546875e+01  -7.643211364746093750e+01  -1.326452178955078125e+02
9.000000000000000000e+01  -8.733684539794921875e+01  -1.069350051879882812e+02  -1.233249893188476562e+02
8.900000000000000000e+01  -1.169909820556640625e+02  -1.247527465820312500e+02  -1.080676803588867188e+02
8.800000000000000000e+01  -1.382070007324218750e+02  -1.407418365478515625e+02  -8.899770355224609375e+01
8.700000000000000000e+01  -1.511155548095703125e+02  -1.496505432128906250e+02  -7.881494140625000000e+01
8.600000000000000000e+01  -1.620325469970703125e+02  -1.581373138427734375e+02  -6.144729232788085938e+01
8.500000000000000000e+01  -1.641703796386718750e+02  -1.590503845214843750e+02  -5.777563858032226562e+01
8.400000000000000000e+01  -1.705361633300781250e+02  -1.664131774902343750e+02  -2.933383941650390625e+01
8.300000000000000000e+01  -1.740168609619140625e+02  -1.715949249267578125e+02  -6.654635906219482422e+00
8.200000000000000000e+01  -1.643100891113281250e+02  -1.900482482910156250e+02  2.000894546508789062e+01
8.100000000000000000e+01  -1.599389648437500000e+02  -2.059639739990234375e+02  4.900458145141601562e+01
8.000000000000000000e+01  -1.594982452392578125e+02  -2.214732208251953125e+02  7.965481567382812500e+01
7.900000000000000000e+01  -1.609404754638671875e+02  -2.291073150634765625e+02  1.007221298217773438e+02
7.800000000000000000e+01  -1.742930450439453125e+02  -2.300820007324218750e+02  1.246494369506835938e+02
7.600000000000000000e+01  -1.764588470458984375e+02  -2.178525085449218750e+02  1.820061187744140625e+02
7.500000000000000000e+01  -1.743088836669921875e+02  -2.165791778564453125e+02  2.083908843994140625e+02
7.400000000000000000e+01  -1.704447631835937500e+02  -2.160032348632812500e+02  2.323080902099609375e+02
7.300000000000000000e+01  -1.623089904785156250e+02  -2.146463928222656250e+02  2.574384460449218750e+02
7.200000000000000000e+01  -1.528495483398437500e+02  -2.141953582763671875e+02  2.760987854003906250e+02
7.100000000000000000e+01  -1.443577423095703125e+02  -2.150172882080078125e+02  2.905376586914062500e+02
7.000000000000000000e+01  -1.398514709472656250e+02  -2.132221374511718750e+02  3.069498291015625000e+02
6.900000000000000000e+01  -1.378249664306640625e+02  -2.123814392089843750e+02  3.156011352539062500e+02
6.800000000000000000e+01  -1.308211669921875000e+02  -2.092813415527343750e+02  3.284313049316406250e+02
6.700000000000000000e+01  -1.103892364501953125e+02  -2.106030578613281250e+02  3.491628723144531250e+02
6.600000000000000000e+01  -9.178218078613281250e+01  -2.248224945068359375e+02  3.651603393554687500e+02
6.500000000000000000e+01  -7.984226989746093750e+01  -2.336687774658203125e+02  3.729230041503906250e+02
6.400000000000000000e+01  -7.090470886230468750e+01  -2.379981689453125000e+02  3.810786743164062500e+02
6.300000000000000000e+01  -6.466807556152343750e+01  -2.441620178222656250e+02  3.890787048339843750e+02
6.200000000000000000e+01  -5.805638885498046875e+01  -2.457036743164062500e+02  3.907108764648437500e+02
6.100000000000000000e+01  -5.448809814453125000e+01  -2.437771606445312500e+02  3.891262207031250000e+02
6.000000000000000000e+01  -5.296904754638671875e+01  -2.438853454589843750e+02  3.897732849121093750e+02
5.900000000000000000e+01  -5.282682418823242188e+01  -2.453262023925781250e+02  3.897081909179687500e+02
5.800000000000000000e+01  -5.079094314575195312e+01  -2.501919250488281250e+02  3.836264038085937500e+02
5.700000000000000000e+01  -4.907780075073242188e+01  -2.463687744140625000e+02  3.773870544433593750e+02
5.600000000000000000e+01  -4.688390350341796875e+01  -2.415303192138671875e+02  3.689944458007812500e+02
5.400000000000000000e+01  -4.458287811279296875e+01  -2.371131591796875000e+02  3.587205505371093750e+02
5.200000000000000000e+01  -3.792719268798828125e+01  -2.207234344482421875e+02  3.434939880371093750e+02
5.100000000000000000e+01  -3.499337768554687500e+01  -2.116039581298828125e+02  3.324086914062500000e+02
5.000000000000000000e+01  -3.211068725585937500e+01  -2.036999511718750000e+02  3.213105163574218750e+02
4.900000000000000000e+01  -3.177525329589843750e+01  -2.025152435302734375e+02  3.190527343750000000e+02
4.800000000000000000e+01  -3.051641845703125000e+01  -1.981016845703125000e+02  3.109537658691406250e+02
4.700000000000000000e+01  -2.774452781677246094e+01  -1.908275909423828125e+02  3.015601196289062500e+02
4.600000000000000000e+01  -2.495093536376953125e+01  -1.835619049072265625e+02  2.924942626953125000e+02
4.500000000000000000e+01  -2.393918037414550781e+01  -1.795571136474609375e+02  2.884146118164062500e+02
4.400000000000000000e+01  -2.288763046264648438e+01  -1.769318084716796875e+02  2.846641235351562500e+02
4.300000000000000000e+01  -2.113480567932128906e+01  -1.710182189941406250e+02  2.741943969726562500e+02
4.200000000000000000e+01  -1.911770248413085938e+01  -1.640627899169921875e+02  2.652362670898437500e+02
4.100000000000000000e+01  -1.857786560058593750e+01  -1.616978149414062500e+02  2.615200195312500000e+02
4.000000000000000000e+01  -1.753730201721191406e+01  -1.571310424804687500e+02  2.559413909912109375e+02
3.900000000000000000e+01  -1.678616714477539062e+01  -1.498821868896484375e+02  2.476096038818359375e+02
3.800000000000000000e+01  -1.546193313598632812e+01  -1.429650878906250000e+02  2.383034667968750000e+02
3.700000000000000000e+01  -1.399567031860351562e+01  -1.370225067138671875e+02  2.291995697021484375e+02
3.600000000000000000e+01  -1.198716831207275391e+01  -1.310356292724609375e+02  2.207078247070312500e+02
3.500000000000000000e+01  -1.208107280731201172e+01  -1.298562774658203125e+02  2.190863494873046875e+02
3.400000000000000000e+01  -1.127964305877685547e+01  -1.252548294067382812e+02  2.118697052001953125e+02
3.300000000000000000e+01  -9.837347030639648438e+00  -1.199234008789062500e+02  2.046143493652343750e+02
3.200000000000000000e+01  -9.652843475341796875e+00  -1.187278823852539062e+02  2.020298004150390625e+02
3.100000000000000000e+01  -9.142801284790039062e+00  -1.152700805664062500e+02  1.958717041015625000e+02
3.000000000000000000e+01  -7.319526195526123047e+00  -1.125046081542968750e+02  1.880391540527343750e+02
2.900000000000000000e+01  -6.217312812805175781e+00  -1.081971359252929688e+02  1.802669830322265625e+02
2.800000000000000000e+01  -5.787112236022949219e+00  -1.041101608276367188e+02  1.732070617675781250e+02
2.700000000000000000e+01  -5.719877719879150391e+00  -9.956003570556640625e+01  1.660626831054687500e+02
2.600000000000000000e+01  -5.890942573547363281e+00  -9.459098815917968750e+01  1.588222808837890625e+02
