1.220000000000000000e+02  -2.536280250549316406e+01  -4.584132194519042969e+00  -1.449506378173828125e+01  3.543440000000000000e+05  5.318270507812500000e+03  2.776610742187500000e+04  1.999992187500000000e+04
1.210000000000000000e+02  -7.276084899902343750e+00  -6.818354606628417969e+00  -1.275062942504882812e+01  3.513580000000000000e+05  5.308717285156250000e+03  2.749667773437500000e+04  1.976390234375000000e+04
1.200000000000000000e+02  2.909753417968750000e+01  1.737660789489746094e+01  2.864973640441894531e+01  3.475830000000000000e+05  5.289282714843750000e+03  2.708589843750000000e+04  1.940736718750000000e+04
1.190000000000000000e+02  2.464103507995605469e+01  3.391547775268554688e+01  6.984015655517578125e+01  3.423990000000000000e+05  5.285770996093750000e+03  2.668717187500000000e+04  1.905083984375000000e+04
1.180000000000000000e+02  1.997541809082031250e+01  4.575185012817382812e+01  8.654336547851562500e+01  3.395530000000000000e+05  5.281426757812500000e+03  2.642254296875000000e+04  1.882295898437500000e+04
1.170000000000000000e+02  6.271312713623046875e+00  5.165634155273437500e+01  1.100792770385742188e+02  3.344180000000000000e+05  5.278926269531250000e+03  2.603738476562500000e+04  1.848120117187500000e+04
1.160000000000000000e+02  -5.217228889465332031e+00  5.645032882690429688e+01  1.166596145629882812e+02  3.303380000000000000e+05  5.271195800781250000e+03  2.565796875000000000e+04  1.815724609375000000e+04
1.150000000000000000e+02  -1.766702842712402344e+01  5.707046508789062500e+01  1.243800125122070312e+02  3.280890000000000000e+05  5.271279785156250000e+03  2.540865625000000000e+04  1.793794140625000000e+04
1.140000000000000000e+02  -2.714385032653808594e+01  5.819600296020507812e+01  1.207245407104492188e+02  3.251630000000000000e+05  5.262787109375000000e+03  2.503762304687500000e+04  1.762533789062500000e+04
1.130000000000000000e+02  -4.343704986572265625e+01  5.075685119628906250e+01  1.124526443481445312e+02  3.224800000000000000e+05  5.260807617187500000e+03  2.467973828125000000e+04  1.731744140625000000e+04
1.120000000000000000e+02  -4.990248870849609375e+01  3.739241790771484375e+01  8.646187591552734375e+01  3.187050000000000000e+05  5.248956542968750000e+03  2.432831640625000000e+04  1.702565429687500000e+04
1.110000000000000000e+02  -6.572363281250000000e+01  1.955623054504394531e+01  5.816954421997070312e+01  3.173180000000000000e+05  5.246851562500000000e+03  2.398219726562500000e+04  1.673604492187500000e+04
1.100000000000000000e+02  -6.156745529174804688e+01  2.381447553634643555e+00  2.600018882751464844e+01  3.159070000000000000e+05  5.234099121093750000e+03  2.375700781250000000e+04  1.655605468750000000e+04
1.090000000000000000e+02  -4.425558853149414062e+01  -3.077714538574218750e+01  -2.723227691650390625e+01  3.132570000000000000e+05  5.214535156250000000e+03  2.343041992187500000e+04  1.629024707031250000e+04
1.080000000000000000e+02  -6.815768241882324219e+00  -4.147823715209960938e+01  -6.881661987304687500e+01  3.141620000000000000e+05  5.187320312500000000e+03  2.309267578125000000e+04  1.602200585937500000e+04
1.070000000000000000e+02  4.213742065429687500e+01  -4.747517776489257812e+01  -1.019947509765625000e+02  3.108700000000000000e+05  5.148917480468750000e+03  2.276306250000000000e+04  1.575786718750000000e+04
1.060000000000000000e+02  8.060047912597656250e+01  -5.017593383789062500e+01  -1.235742950439453125e+02  3.086860000000000000e+05  5.119220703125000000e+03  2.243924609375000000e+04  1.549071386718750000e+04
1.050000000000000000e+02  1.168171691894531250e+02  -4.564879226684570312e+01  -1.322842559814453125e+02  3.052270000000000000e+05  5.090247070312500000e+03  2.211591992187500000e+04  1.522091503906250000e+04
1.040000000000000000e+02  1.568370971679687500e+02  -3.681925582885742188e+01  -1.468941497802734375e+02  3.024190000000000000e+05  5.053251464843750000e+03  2.179770703125000000e+04  1.496188671875000000e+04
1.030000000000000000e+02  1.835280609130859375e+02  -3.403465270996093750e+01  -1.589471282958984375e+02  2.994090000000000000e+05  5.023810546875000000e+03  2.148863476562500000e+04  1.470480371093750000e+04
1.020000000000000000e+02  2.042420196533203125e+02  -2.432268333435058594e+01  -1.592766265869140625e+02  2.969600000000000000e+05  4.997581542968750000e+03  2.117588476562500000e+04  1.444374707031250000e+04
1.010000000000000000e+02  2.332460327148437500e+02  -1.217273616790771484e+01  -1.594727020263671875e+02  2.934140000000000000e+05  4.962729980468750000e+03  2.086549414062500000e+04  1.419035937500000000e+04
1.000000000000000000e+02  2.658408508300781250e+02  -3.929170370101928711e+00  -1.626477661132812500e+02  2.903370000000000000e+05  4.919775878906250000e+03  2.046602929687500000e+04  1.386341406250000000e+04
9.900000000000000000e+01  2.830864562988281250e+02  6.473552584648132324e-01  -1.661932830810546875e+02  2.872490000000000000e+05  4.891827148437500000e+03  2.017437890625000000e+04  1.362439355468750000e+04
9.800000000000000000e+01  2.996007080078125000e+02  9.723817825317382812e+00  -1.655461578369140625e+02  2.846580000000000000e+05  4.864513671875000000e+03  1.988178125000000000e+04  1.338801171875000000e+04
9.700000000000000000e+01  3.172077026367187500e+02  2.289783287048339844e+01  -1.620973968505859375e+02  2.822300000000000000e+05  4.834768066406250000e+03  1.958865625000000000e+04  1.315438281250000000e+04
9.600000000000000000e+01  3.427101135253906250e+02  3.554577636718750000e+01  -1.605204315185546875e+02  3.138780000000000000e+05  4.791518554687500000e+03  1.920746289062500000e+04  1.285428320312500000e+04
9.500000000000000000e+01  3.590723571777343750e+02  4.129723739624023438e+01  -1.582389068603515625e+02  3.111770000000000000e+05  4.759890136718750000e+03  1.893001367187500000e+04  1.263381933593750000e+04
9.400000000000000000e+01  3.774875183105468750e+02  5.096340179443359375e+01  -1.515387725830078125e+02  3.087360000000000000e+05  4.718129394531250000e+03  1.856157031250000000e+04  1.234203417968750000e+04
9.300000000000000000e+01  3.929766540527343750e+02  6.106880950927734375e+01  -1.471247558593750000e+02  3.060210000000000000e+05  4.684765625000000000e+03  1.828641601562500000e+04  1.212837109375000000e+04
9.200000000000000000e+01  4.138117980957031250e+02  6.863514709472656250e+01  -1.454845275878906250e+02  3.011790000000000000e+05  4.638604003906250000e+03  1.793287695312500000e+04  1.185471875000000000e+04
9.100000000000000000e+01  4.257154235839843750e+02  7.346340179443359375e+01  -1.422950592041015625e+02  2.987670000000000000e+05  4.605012695312500000e+03  1.767328320312500000e+04  1.165207812500000000e+04
9.000000000000000000e+01  4.446791992187500000e+02  8.463065338134765625e+01  -1.363517150878906250e+02  2.960840000000000000e+05  4.558375000000000000e+03  1.732982031250000000e+04  1.138631347656250000e+04
8.900000000000000000e+01  4.592512512207031250e+02  9.631697845458984375e+01  -1.314433898925781250e+02  2.927610000000000000e+05  4.513240722656250000e+03  1.699272851562500000e+04  1.112964453125000000e+04
8.800000000000000000e+01  4.707408447265625000e+02  1.041749801635742188e+02  -1.342691192626953125e+02  2.865080000000000000e+05  4.468934082031250000e+03  1.666652539062500000e+04  1.088484570312500000e+04
8.700000000000000000e+01  4.780534973144531250e+02  1.096897735595703125e+02  -1.330069732666015625e+02  2.824620000000000000e+05  4.434488281250000000e+03  1.642452734375000000e+04  1.070218457031250000e+04
8.600000000000000000e+01  4.869643249511718750e+02  1.231764984130859375e+02  -1.317583007812500000e+02  2.778940000000000000e+05  4.388428222656250000e+03  1.610176757812500000e+04  1.046644531250000000e+04
8.500000000000000000e+01  4.892319641113281250e+02  1.246869812011718750e+02  -1.321009674072265625e+02  2.772790000000000000e+05  4.376840332031250000e+03  1.602337011718750000e+04  1.040936328125000000e+04
8.400000000000000000e+01  4.952852172851562500e+02  1.252024154663085938e+02  -1.340126495361328125e+02  2.710870000000000000e+05  4.331884765625000000e+03  1.571957519531250000e+04  1.018312109375000000e+04
8.300000000000000000e+01  4.968406066894531250e+02  1.273127059936523438e+02  -1.293347778320312500e+02  2.650770000000000000e+05  4.289314941406250000e+03  1.541934277343750000e+04  9.957302734375000000e+03
8.200000000000000000e+01  5.027240905761718750e+02  1.342402343750000000e+02  -1.283706207275390625e+02  2.589130000000000000e+05  4.243515136718750000e+03  1.512159375000000000e+04  9.739166992187500000e+03
8.100000000000000000e+01  5.121633911132812500e+02  1.375406494140625000e+02  -1.241840820312500000e+02  2.541270000000000000e+05  4.194430175781250000e+03  1.483233593750000000e+04  9.524352539062500000e+03
8.000000000000000000e+01  5.200017700195312500e+02  1.385993194580078125e+02  -1.212904434204101562e+02  2.462880000000000000e+05  4.135318847656250000e+03  1.448123632812500000e+04  9.263528320312500000e+03
7.900000000000000000e+01  5.257284545898437500e+02  1.394578094482421875e+02  -1.161126327514648438e+02  2.436510000000000000e+05  4.089048095703125000e+03  1.420704492187500000e+04  9.059540039062500000e+03
7.800000000000000000e+01  5.296664428710937500e+02  1.409334106445312500e+02  -1.074587173461914062e+02  2.367350000000000000e+05  4.031599121093750000e+03  1.387005761718750000e+04  8.810793945312500000e+03
7.700000000000000000e+01  5.241875610351562500e+02  1.348623809814453125e+02  -9.929133605957031250e+01  2.303580000000000000e+05  3.980726318359375000e+03  1.354607812500000000e+04  8.567867187500000000e+03
7.600000000000000000e+01  5.191134643554687500e+02  1.291306457519531250e+02  -8.898043823242187500e+01  2.247700000000000000e+05  3.927950439453125000e+03  1.322763378906250000e+04  8.329012695312500000e+03
7.500000000000000000e+01  5.104306640625000000e+02  1.210703430175781250e+02  -7.971078491210937500e+01  2.166520000000000000e+05  3.878668945312500000e+03  1.291830859375000000e+04  8.098239257812500000e+03
7.400000000000000000e+01  5.022121276855468750e+02  1.228717498779296875e+02  -6.336108779907226562e+01  2.224460000000000000e+05  3.827622070312500000e+03  1.260830468750000000e+04  7.867480957031250000e+03
7.300000000000000000e+01  4.964454345703125000e+02  1.274312515258789062e+02  -4.707094955444335938e+01  2.156940000000000000e+05  3.762527832031250000e+03  1.224584472656250000e+04  7.603137207031250000e+03
7.200000000000000000e+01  4.918180236816406250e+02  1.300334320068359375e+02  -3.673455429077148438e+01  2.082280000000000000e+05  3.707101806640625000e+03  1.195245214843750000e+04  7.391051757812500000e+03
7.100000000000000000e+01  4.829255981445312500e+02  1.290138092041015625e+02  -3.107363700866699219e+01  2.052190000000000000e+05  3.643234619140625000e+03  1.161398535156250000e+04  7.153174316406250000e+03
7.000000000000000000e+01  4.744207153320312500e+02  1.300582275390625000e+02  -2.574853324890136719e+01  2.118650000000000000e+05  3.580612060546875000e+03  1.128219140625000000e+04  6.922096191406250000e+03
6.900000000000000000e+01  4.637229309082031250e+02  1.335604400634765625e+02  -1.914543533325195312e+01  2.042410000000000000e+05  3.517353515625000000e+03  1.095760449218750000e+04  6.699894042968750000e+03
6.800000000000000000e+01  4.544336853027343750e+02  1.318174133300781250e+02  -1.441872787475585938e+01  1.904050000000000000e+05  3.441614013671875000e+03  1.059268261718750000e+04  6.451496582031250000e+03
6.700000000000000000e+01  4.444800720214843750e+02  1.303395690917968750e+02  -1.615443587303161621e+00  1.880900000000000000e+05  3.365462158203125000e+03  1.024118847656250000e+04  6.205765136718750000e+03
6.600000000000000000e+01  4.317269592285156250e+02  1.279766616821289062e+02  1.018264484405517578e+01  1.760190000000000000e+05  3.292259277343750000e+03  9.903541992187500000e+03  5.970862304687500000e+03
6.500000000000000000e+01  4.143253784179687500e+02  1.237432250976562500e+02  1.824841880798339844e+01  1.693070000000000000e+05  3.222804443359375000e+03  9.576575195312500000e+03  5.746583984375000000e+03
6.400000000000000000e+01  3.963917541503906250e+02  1.249276123046875000e+02  2.929183959960937500e+01  1.566950000000000000e+05  3.142063720703125000e+03  9.212475585937500000e+03  5.500947265625000000e+03
6.300000000000000000e+01  3.824273071289062500e+02  1.240407943725585938e+02  4.274832534790039062e+01  1.447940000000000000e+05  3.058285400390625000e+03  8.862009765625000000e+03  5.262839843750000000e+03
6.200000000000000000e+01  3.713574218750000000e+02  1.309389953613281250e+02  5.881293487548828125e+01  1.328410000000000000e+05  2.960683837890625000e+03  8.480645507812500000e+03  5.006504394531250000e+03
6.100000000000000000e+01  3.587534179687500000e+02  1.358157501220703125e+02  7.042170715332031250e+01  1.268680000000000000e+05  2.867377929687500000e+03  8.116749023437500000e+03  4.766080078125000000e+03
6.000000000000000000e+01  3.473492431640625000e+02  1.383521728515625000e+02  7.767501831054687500e+01  1.198410000000000000e+05  2.806218505859375000e+03  7.881932128906250000e+03  4.613249511718750000e+03
5.900000000000000000e+01  3.411717834472656250e+02  1.369843444824218750e+02  8.080609130859375000e+01  1.171680000000000000e+05  2.766523437500000000e+03  7.730202148437500000e+03  4.513740234375000000e+03
5.800000000000000000e+01  3.283719482421875000e+02  1.407573242187500000e+02  8.897824096679687500e+01  1.655620000000000000e+05  2.665526611328125000e+03  7.360304199218750000e+03  4.275747070312500000e+03
5.700000000000000000e+01  3.230133056640625000e+02  1.382424316406250000e+02  9.474213409423828125e+01  1.702780000000000000e+05  2.564983398437500000e+03  7.008562011718750000e+03  4.051093994140625000e+03
5.600000000000000000e+01  3.087062683105468750e+02  1.362287445068359375e+02  9.678234100341796875e+01  1.702650000000000000e+05  2.467020507812500000e+03  6.674922851562500000e+03  3.841105224609375000e+03
5.400000000000000000e+01  2.926223754882812500e+02  1.361186065673828125e+02  9.825451660156250000e+01  1.648370000000000000e+05  2.336338134765625000e+03  6.262602050781250000e+03  3.584859619140625000e+03
5.200000000000000000e+01  2.738866882324218750e+02  1.237017898559570312e+02  8.821541595458984375e+01  1.289820000000000000e+05  2.182081542968750000e+03  5.766813476562500000e+03  3.280395019531250000e+03
5.100000000000000000e+01  2.631658935546875000e+02  1.197610244750976562e+02  8.196417999267578125e+01  1.136460000000000000e+05  2.105209228515625000e+03  5.519893554687500000e+03  3.132306884765625000e+03
5.000000000000000000e+01  2.520075073242187500e+02  1.149821701049804688e+02  7.830319213867187500e+01  9.942100000000000000e+04  2.020948486328125000e+03  5.258585937500000000e+03  2.973470458984375000e+03
4.900000000000000000e+01  2.501517486572265625e+02  1.142725524902343750e+02  7.786586761474609375e+01  9.873500000000000000e+04  2.004360351562500000e+03  5.207739746093750000e+03  2.942743408203125000e+03
4.800000000000000000e+01  2.440112915039062500e+02  1.132164840698242188e+02  7.614247894287109375e+01  8.659400000000000000e+04  1.937669799804687500e+03  5.008264160156250000e+03  2.822597900390625000e+03
4.700000000000000000e+01  2.349513397216796875e+02  1.133667373657226562e+02  7.252873229980468750e+01  8.918100000000000000e+04  1.857492065429687500e+03  4.767351562500000000e+03  2.680970947265625000e+03
4.600000000000000000e+01  2.247772369384765625e+02  1.110820159912109375e+02  7.046902465820312500e+01  8.505700000000000000e+04  1.782276855468750000e+03  4.539437500000000000e+03  2.547168457031250000e+03
4.500000000000000000e+01  2.189836578369140625e+02  1.112262725830078125e+02  6.892936706542968750e+01  2.042300000000000000e+05  1.746081542968750000e+03  4.429348144531250000e+03  2.482284179687500000e+03
4.400000000000000000e+01  2.146918945312500000e+02  1.123297119140625000e+02  6.704059600830078125e+01  2.126550000000000000e+05  1.717802978515625000e+03  4.343415039062500000e+03  2.431214111328125000e+03
4.300000000000000000e+01  2.038212127685546875e+02  1.122465591430664062e+02  6.230585098266601562e+01  2.983490000000000000e+05  1.649129882812500000e+03  4.135762695312500000e+03  2.309404052734375000e+03
4.200000000000000000e+01  1.934171142578125000e+02  1.111912841796875000e+02  5.912469482421875000e+01  2.729460000000000000e+05  1.582684936523437500e+03  3.938402343750000000e+03  2.194289794921875000e+03
4.100000000000000000e+01  1.890984954833984375e+02  1.099648742675781250e+02  5.809954071044921875e+01  2.500080000000000000e+05  1.556791870117187500e+03  3.862633544921875000e+03  2.150164062500000000e+03
4.000000000000000000e+01  1.832350616455078125e+02  1.090472946166992188e+02  5.694098663330078125e+01  5.159760000000000000e+05  1.518080932617187500e+03  3.751131835937500000e+03  2.085441406250000000e+03
3.900000000000000000e+01  1.759555358886718750e+02  1.073252716064453125e+02  5.497053909301757812e+01  5.712530000000000000e+05  1.461231079101562500e+03  3.590051269531250000e+03  1.992571655273437500e+03
3.800000000000000000e+01  1.684129180908203125e+02  1.048509750366210938e+02  5.327451324462890625e+01  5.893230000000000000e+05  1.400606079101562500e+03  3.419223144531250000e+03  1.894353027343750000e+03
3.700000000000000000e+01  1.601247558593750000e+02  1.018671646118164062e+02  5.169868850708007812e+01  4.781020000000000000e+05  1.342516845703125000e+03  3.257565429687500000e+03  1.801054931640625000e+03
3.600000000000000000e+01  1.531190643310546875e+02  1.000014343261718750e+02  4.980471038818359375e+01  5.131730000000000000e+05  1.286279052734375000e+03  3.102396728515625000e+03  1.712711547851562500e+03
3.500000000000000000e+01  1.518114013671875000e+02  9.948689270019531250e+01  4.947620010375976562e+01  5.107180000000000000e+05  1.275110961914062500e+03  3.072447998046875000e+03  1.695463745117187500e+03
3.400000000000000000e+01  1.457480926513671875e+02  9.636860656738281250e+01  4.955867385864257812e+01  5.240760000000000000e+05  1.232111572265625000e+03  2.955966552734375000e+03  1.628128784179687500e+03
3.300000000000000000e+01  1.408677520751953125e+02  9.306352233886718750e+01  4.912595748901367188e+01  3.859870000000000000e+05  1.184447875976562500e+03  2.829953369140625000e+03  1.556713500976562500e+03
3.200000000000000000e+01  1.385261688232421875e+02  9.254049682617187500e+01  4.839704895019531250e+01  3.647740000000000000e+05  1.169103271484375000e+03  2.789044189453125000e+03  1.533877197265625000e+03
3.100000000000000000e+01  1.338600311279296875e+02  9.041659545898437500e+01  4.775576019287109375e+01  3.510900000000000000e+05  1.134082031250000000e+03  2.696014404296875000e+03  1.480992309570312500e+03
3.000000000000000000e+01  1.268213958740234375e+02  8.702080535888671875e+01  4.702526855468750000e+01  5.121980000000000000e+05  1.085779296875000000e+03  2.569268798828125000e+03  1.408549194335937500e+03
2.900000000000000000e+01  1.205008926391601562e+02  8.357496643066406250e+01  4.571787261962890625e+01  5.251630000000000000e+05  1.038871948242187500e+03  2.448263427734375000e+03  1.340167602539062500e+03
