3.478410000000000000e+05
3.582170000000000000e+05
3.820610000000000000e+05
3.884430000000000000e+05
3.904290000000000000e+05
3.919960000000000000e+05
3.920840000000000000e+05
3.925440000000000000e+05
3.932260000000000000e+05
3.956800000000000000e+05
3.961400000000000000e+05
3.965430000000000000e+05
3.980770000000000000e+05
3.989450000000000000e+05
4.007330000000000000e+05
4.011190000000000000e+05
4.025720000000000000e+05
4.033230000000000000e+05
4.036420000000000000e+05
4.041760000000000000e+05
4.046180000000000000e+05
4.051050000000000000e+05
4.056810000000000000e+05
4.066050000000000000e+05
4.069020000000000000e+05
4.123430000000000000e+05
4.123820000000000000e+05
4.129750000000000000e+05
4.130610000000000000e+05
4.150100000000000000e+05
4.165310000000000000e+05
4.172780000000000000e+05
4.224130000000000000e+05
4.234590000000000000e+05
4.255590000000000000e+05
