1.130000000000000000e+02  -2.395533752441406250e+01  -8.229352951049804688e+00  -1.562857055664062500e+01  3.546480000000000000e+05  7.680509375000000000e+04  5.173563281250000000e+04  6.210318750000000000e+04
1.120000000000000000e+02  -2.871136283874511719e+01  -1.836842536926269531e+01  -3.588920593261718750e+01  3.514390000000000000e+05  7.564708593750000000e+04  5.095010546875000000e+04  6.126484765625000000e+04
1.110000000000000000e+02  -2.136550521850585938e+01  -2.006463813781738281e+01  -4.304799270629882812e+01  3.488470000000000000e+05  7.450207031250000000e+04  5.017436718750000000e+04  6.043375000000000000e+04
1.100000000000000000e+02  -8.131175994873046875e+00  -1.443140983581542969e+01  -3.886979293823242188e+01  3.470910000000000000e+05  7.374271093750000000e+04  4.966055859375000000e+04  5.987941015625000000e+04
1.090000000000000000e+02  2.280294799804687500e+01  9.528030157089233398e-01  -9.507928848266601562e+00  3.438410000000000000e+05  7.261326562500000000e+04  4.889321875000000000e+04  5.905062500000000000e+04
1.080000000000000000e+02  2.436772155761718750e+01  1.886239242553710938e+01  4.506522369384765625e+01  3.414350000000000000e+05  7.151800000000000000e+04  4.813545703125000000e+04  5.822140234375000000e+04
1.070000000000000000e+02  7.111800909042358398e-01  3.574266052246093750e+01  8.366916656494140625e+01  3.386700000000000000e+05  7.044867968750000000e+04  4.739362500000000000e+04  5.741028125000000000e+04
1.060000000000000000e+02  -2.529503440856933594e+01  4.522364044189453125e+01  1.099559707641601562e+02  3.362320000000000000e+05  6.939724218750000000e+04  4.666607812500000000e+04  5.661444531250000000e+04
1.050000000000000000e+02  -4.842516708374023438e+01  5.016467285156250000e+01  1.296617126464843750e+02  3.334880000000000000e+05  6.836132031250000000e+04  4.595084765625000000e+04  5.583350000000000000e+04
1.040000000000000000e+02  -7.011872100830078125e+01  5.347086334228515625e+01  1.466966400146484375e+02  3.298340000000000000e+05  6.733971093750000000e+04  4.524858203125000000e+04  5.506471093750000000e+04
1.030000000000000000e+02  -9.157368469238281250e+01  5.629681015014648438e+01  1.602557983398437500e+02  3.261480000000000000e+05  6.633306250000000000e+04  4.455631250000000000e+04  5.430687109375000000e+04
1.020000000000000000e+02  -1.128094940185546875e+02  5.682328796386718750e+01  1.677147827148437500e+02  3.237240000000000000e+05  6.534246484375000000e+04  4.387651953125000000e+04  5.356221093750000000e+04
1.010000000000000000e+02  -1.319571228027343750e+02  5.810261154174804688e+01  1.738736724853515625e+02  3.203390000000000000e+05  6.436482031250000000e+04  4.320746093750000000e+04  5.282882812500000000e+04
1.000000000000000000e+02  -1.533080596923828125e+02  5.504711532592773438e+01  1.794849243164062500e+02  3.170920000000000000e+05  6.308422656250000000e+04  4.233235546875000000e+04  5.186572265625000000e+04
9.900000000000000000e+01  -1.708879089355468750e+02  5.546429061889648438e+01  1.817072448730468750e+02  3.127940000000000000e+05  6.213942968750000000e+04  4.168822265625000000e+04  5.115635937500000000e+04
9.800000000000000000e+01  -1.849972229003906250e+02  5.592350387573242188e+01  1.802747650146484375e+02  3.096140000000000000e+05  6.120824218750000000e+04  4.105504687500000000e+04  5.045553125000000000e+04
9.700000000000000000e+01  -1.987965087890625000e+02  5.302904510498046875e+01  1.766442871093750000e+02  3.065220000000000000e+05  6.029279687500000000e+04  4.043242578125000000e+04  4.976576953125000000e+04
9.600000000000000000e+01  -2.127284393310546875e+02  4.737230300903320312e+01  1.704542083740234375e+02  3.028880000000000000e+05  5.909181250000000000e+04  3.961734375000000000e+04  4.886109375000000000e+04
9.500000000000000000e+01  -2.233154602050781250e+02  4.492157745361328125e+01  1.660375213623046875e+02  2.995430000000000000e+05  5.820719140625000000e+04  3.901705859375000000e+04  4.819473828125000000e+04
9.400000000000000000e+01  -2.362301330566406250e+02  4.088856887817382812e+01  1.611204376220703125e+02  2.955660000000000000e+05  5.704877343750000000e+04  3.823198828125000000e+04  4.731843359375000000e+04
9.300000000000000000e+01  -2.482344055175781250e+02  3.643133163452148438e+01  1.546823883056640625e+02  2.911700000000000000e+05  5.619574609375000000e+04  3.765509375000000000e+04  4.667202343750000000e+04
9.200000000000000000e+01  -2.630843505859375000e+02  3.225588607788085938e+01  1.457215118408203125e+02  2.828200000000000000e+05  5.507850000000000000e+04  3.690065234375000000e+04  4.582571093750000000e+04
9.100000000000000000e+01  -2.723334960937500000e+02  3.111955261230468750e+01  1.377305145263671875e+02  2.779730000000000000e+05  5.425469921875000000e+04  3.634447265625000000e+04  4.519920312500000000e+04
9.000000000000000000e+01  -2.820192871093750000e+02  2.614486312866210938e+01  1.220333328247070312e+02  2.728110000000000000e+05  5.317464843750000000e+04  3.561650000000000000e+04  4.438174609375000000e+04
8.900000000000000000e+01  -2.885157165527343750e+02  2.360433387756347656e+01  1.102819671630859375e+02  2.690880000000000000e+05  5.211394531250000000e+04  3.490314843750000000e+04  4.357673437500000000e+04
8.800000000000000000e+01  -2.933080749511718750e+02  1.486853694915771484e+01  9.812138366699218750e+01  3.248950000000000000e+05  5.107673046875000000e+04  3.420642968750000000e+04  4.278722656250000000e+04
8.700000000000000000e+01  -2.972984008789062500e+02  6.463132858276367188e+00  9.317208862304687500e+01  3.212200000000000000e+05  5.031385546875000000e+04  3.369350000000000000e+04  4.220302343750000000e+04
8.600000000000000000e+01  -3.024856872558593750e+02  -3.620293140411376953e+00  8.280897521972656250e+01  3.171610000000000000e+05  4.931283593750000000e+04  3.302392968750000000e+04  4.143806250000000000e+04
8.500000000000000000e+01  -3.053216247558593750e+02  -6.047870635986328125e+00  7.907236480712890625e+01  3.158390000000000000e+05  4.906584375000000000e+04  3.285866406250000000e+04  4.124900781250000000e+04
8.400000000000000000e+01  -3.136302795410156250e+02  -1.615391921997070312e+01  6.174253845214843750e+01  3.101700000000000000e+05  4.809043359375000000e+04  3.220721093750000000e+04  4.050222265625000000e+04
8.300000000000000000e+01  -3.172934570312500000e+02  -2.585893058776855469e+01  4.438385391235351562e+01  3.038230000000000000e+05  4.713356250000000000e+04  3.156850195312500000e+04  3.976779687500000000e+04
8.200000000000000000e+01  -3.128838500976562500e+02  -3.258539581298828125e+01  3.179805755615234375e+01  2.967170000000000000e+05  4.619606640625000000e+04  3.094057421875000000e+04  3.904597656250000000e+04
8.100000000000000000e+01  -3.093760070800781250e+02  -4.474510574340820312e+01  2.154203224182128906e+01  2.890740000000000000e+05  4.527828515625000000e+04  3.032729101562500000e+04  3.834088671875000000e+04
8.000000000000000000e+01  -3.076139831542968750e+02  -5.850440216064453125e+01  1.571820068359375000e+01  2.796960000000000000e+05  4.415766406250000000e+04  2.957771875000000000e+04  3.747482031250000000e+04
7.900000000000000000e+01  -3.066823120117187500e+02  -6.389646530151367188e+01  1.507772064208984375e+01  2.732940000000000000e+05  4.328272265625000000e+04  2.899340234375000000e+04  3.679609375000000000e+04
7.800000000000000000e+01  -3.064385986328125000e+02  -7.073661804199218750e+01  8.010647773742675781e+00  2.651300000000000000e+05  4.221339062500000000e+04  2.828201367187500000e+04  3.596480078125000000e+04
7.700000000000000000e+01  -3.065926208496093750e+02  -7.643515777587890625e+01  -3.141944646835327148e+00  2.576920000000000000e+05  4.117309765625000000e+04  2.758833203125000000e+04  3.515167968750000000e+04
7.600000000000000000e+01  -3.078615112304687500e+02  -7.974417877197265625e+01  -1.682453918457031250e+01  2.506340000000000000e+05  4.015888281250000000e+04  2.691183789062500000e+04  3.435868359375000000e+04
7.500000000000000000e+01  -3.084932861328125000e+02  -8.652258300781250000e+01  -3.437604522705078125e+01  2.422190000000000000e+05  3.917065625000000000e+04  2.625349414062500000e+04  3.358294531250000000e+04
7.400000000000000000e+01  -3.082622680664062500e+02  -9.164743804931640625e+01  -4.797636032104492188e+01  2.325210000000000000e+05  3.820801562500000000e+04  2.561297656250000000e+04  3.282587109375000000e+04
7.300000000000000000e+01  -3.142203979492187500e+02  -9.683824920654296875e+01  -6.730524444580078125e+01  2.263870000000000000e+05  3.708967968750000000e+04  2.486348046875000000e+04  3.194196093750000000e+04
7.200000000000000000e+01  -3.139054260253906250e+02  -1.031703186035156250e+02  -8.375722503662109375e+01  2.206760000000000000e+05  3.617967578125000000e+04  2.425803320312500000e+04  3.122211328125000000e+04
7.100000000000000000e+01  -3.101549377441406250e+02  -1.125383529663085938e+02  -9.962129211425781250e+01  2.140080000000000000e+05  3.511670312500000000e+04  2.355337890625000000e+04  3.037727929687500000e+04
7.000000000000000000e+01  -3.045064392089843750e+02  -1.176761322021484375e+02  -1.144346542358398438e+02  2.129140000000000000e+05  3.408503125000000000e+04  2.286765820312500000e+04  2.955624609375000000e+04
6.900000000000000000e+01  -2.972285461425781250e+02  -1.174576873779296875e+02  -1.259848098754882812e+02  2.064020000000000000e+05  3.308498828125000000e+04  2.219989453125000000e+04  2.875825195312500000e+04
6.800000000000000000e+01  -2.891952209472656250e+02  -1.132242584228515625e+02  -1.428638763427734375e+02  2.135770000000000000e+05  3.195492187500000000e+04  2.144262304687500000e+04  2.785540820312500000e+04
6.700000000000000000e+01  -2.744805603027343750e+02  -1.146938095092773438e+02  -1.559533233642578125e+02  2.047180000000000000e+05  3.086083593750000000e+04  2.071539453125000000e+04  2.697665234375000000e+04
6.600000000000000000e+01  -2.615730590820312500e+02  -1.144929199218750000e+02  -1.641694183349609375e+02  1.926830000000000000e+05  2.980772265625000000e+04  2.001362109375000000e+04  2.612321289062500000e+04
6.500000000000000000e+01  -2.540589599609375000e+02  -1.177061538696289062e+02  -1.750800781250000000e+02  1.771680000000000000e+05  2.879309765625000000e+04  1.934032812500000000e+04  2.529779492187500000e+04
6.400000000000000000e+01  -2.470520629882812500e+02  -1.214462127685546875e+02  -1.867776184082031250e+02  1.617010000000000000e+05  2.767905859375000000e+04  1.859958984375000000e+04  2.438545898437500000e+04
6.300000000000000000e+01  -2.362127838134765625e+02  -1.217607116699218750e+02  -1.900404663085937500e+02  1.680970000000000000e+05  2.660940234375000000e+04  1.788512695312500000e+04  2.349954687500000000e+04
6.200000000000000000e+01  -2.240833892822265625e+02  -1.203161392211914062e+02  -1.904074096679687500e+02  1.693140000000000000e+05  2.545754687500000000e+04  1.711505468750000000e+04  2.254177734375000000e+04
6.100000000000000000e+01  -2.183255462646484375e+02  -1.166957092285156250e+02  -1.948194885253906250e+02  1.684190000000000000e+05  2.435692968750000000e+04  1.637831738281250000e+04  2.162200585937500000e+04
6.000000000000000000e+01  -2.158825225830078125e+02  -1.135368423461914062e+02  -1.989767303466796875e+02  1.607040000000000000e+05  2.365195898437500000e+04  1.590485546875000000e+04  2.103250195312500000e+04
5.900000000000000000e+01  -2.133068084716796875e+02  -1.118763198852539062e+02  -2.006237640380859375e+02  1.529580000000000000e+05  2.319290234375000000e+04  1.559727929687500000e+04  2.064767187500000000e+04
5.800000000000000000e+01  -2.026196594238281250e+02  -1.066239929199218750e+02  -2.020897979736328125e+02  1.360700000000000000e+05  2.208230468750000000e+04  1.485352636718750000e+04  1.971344726562500000e+04
5.700000000000000000e+01  -1.893576202392578125e+02  -1.010924606323242188e+02  -1.999584960937500000e+02  1.251480000000000000e+05  2.102408789062500000e+04  1.414619628906250000e+04  1.881874023437500000e+04
5.600000000000000000e+01  -1.784858245849609375e+02  -9.939211273193359375e+01  -1.956061859130859375e+02  1.166350000000000000e+05  2.001958398437500000e+04  1.347610644531250000e+04  1.796195507812500000e+04
5.400000000000000000e+01  -1.700571289062500000e+02  -9.709002685546875000e+01  -1.960215148925781250e+02  9.921400000000000000e+04  1.879202148437500000e+04  1.265461621093750000e+04  1.691065429687500000e+04
5.200000000000000000e+01  -1.654045867919921875e+02  -9.175820159912109375e+01  -1.985451965332031250e+02  7.675700000000000000e+04  1.730854492187500000e+04  1.165366601562500000e+04  1.562950292968750000e+04
5.100000000000000000e+01  -1.597407989501953125e+02  -8.750989532470703125e+01  -1.970488433837890625e+02  6.853400000000000000e+04  1.656980273437500000e+04  1.115534375000000000e+04  1.498846289062500000e+04
5.000000000000000000e+01  -1.561084594726562500e+02  -8.404158020019531250e+01  -1.948931427001953125e+02  9.201500000000000000e+04  1.578891015625000000e+04  1.062707324218750000e+04  1.430613671875000000e+04
4.900000000000000000e+01  -1.552361755371093750e+02  -8.394185638427734375e+01  -1.942013854980468750e+02  8.879200000000000000e+04  1.563708886718750000e+04  1.052488964843750000e+04  1.417336621093750000e+04
4.800000000000000000e+01  -1.509110565185546875e+02  -8.173469543457031250e+01  -1.905123291015625000e+02  8.195600000000000000e+04  1.504332128906250000e+04  1.012516796875000000e+04  1.365342675781250000e+04
4.700000000000000000e+01  -1.430414581298828125e+02  -7.921982574462890625e+01  -1.852728271484375000e+02  7.368100000000000000e+04  1.433337500000000000e+04  9.647122070312500000e+03  1.302980078125000000e+04
4.600000000000000000e+01  -1.353384094238281250e+02  -7.968334197998046875e+01  -1.817198028564453125e+02  5.362600000000000000e+04  1.365748144531250000e+04  9.193153320312500000e+03  1.243447558593750000e+04
4.500000000000000000e+01  -1.327899322509765625e+02  -7.969834136962890625e+01  -1.807062835693359375e+02  6.306400000000000000e+04  1.333197753906250000e+04  8.974565429687500000e+03  1.214715625000000000e+04
4.400000000000000000e+01  -1.304980010986328125e+02  -7.910878753662109375e+01  -1.799644012451171875e+02  7.167400000000000000e+04  1.307700292968750000e+04  8.803388671875000000e+03  1.192226074218750000e+04
4.300000000000000000e+01  -1.242261962890625000e+02  -7.735269927978515625e+01  -1.762035064697265625e+02  4.765000000000000000e+04  1.246078515625000000e+04  8.389625000000000000e+03  1.137655371093750000e+04
4.200000000000000000e+01  -1.204645843505859375e+02  -7.620238494873046875e+01  -1.736398315429687500e+02  6.753700000000000000e+04  1.187624707031250000e+04  7.996993164062500000e+03  1.085712500000000000e+04
4.100000000000000000e+01  -1.182396087646484375e+02  -7.629030609130859375e+01  -1.725256347656250000e+02  6.117000000000000000e+04  1.164985449218750000e+04  7.845974121093750000e+03  1.065618261718750000e+04
4.000000000000000000e+01  -1.155089187622070312e+02  -7.661857604980468750e+01  -1.716805572509765625e+02  5.452400000000000000e+04  1.131840429687500000e+04  7.624558593750000000e+03  1.036156347656250000e+04
3.900000000000000000e+01  -1.098026123046875000e+02  -7.650270080566406250e+01  -1.682980651855468750e+02  4.754200000000000000e+04  1.083925781250000000e+04  7.304676269531250000e+03  9.934327148437500000e+03
3.800000000000000000e+01  -1.024279632568359375e+02  -7.583172607421875000e+01  -1.635941314697265625e+02  8.274500000000000000e+04  1.033046093750000000e+04  6.965089355468750000e+03  9.479577148437500000e+03
3.700000000000000000e+01  -9.741714477539062500e+01  -7.461127471923828125e+01  -1.576663513183593750e+02  6.420400000000000000e+04  9.846013671875000000e+03  6.640058593750000000e+03  9.044844726562500000e+03
3.600000000000000000e+01  -9.211274719238281250e+01  -7.253678894042968750e+01  -1.524865264892578125e+02  5.129500000000000000e+04  9.384562500000000000e+03  6.329922851562500000e+03  8.630141601562500000e+03
3.500000000000000000e+01  -9.156552124023437500e+01  -7.187511444091796875e+01  -1.510644378662109375e+02  4.931900000000000000e+04  9.294965820312500000e+03  6.269518066406250000e+03  8.549373046875000000e+03
3.400000000000000000e+01  -8.680662536621093750e+01  -7.126380157470703125e+01  -1.476667022705078125e+02  4.273100000000000000e+04  8.943769531250000000e+03  6.035177246093750000e+03  8.234995117187500000e+03
3.300000000000000000e+01  -8.186478424072265625e+01  -7.013837432861328125e+01  -1.433050842285156250e+02  5.553500000000000000e+04  8.564837890625000000e+03  5.781338867187500000e+03  7.894259765625000000e+03
3.200000000000000000e+01  -8.131034088134765625e+01  -6.778359222412109375e+01  -1.406104583740234375e+02  5.963600000000000000e+04  8.443431640625000000e+03  5.697716308593750000e+03  7.782496582031250000e+03
3.100000000000000000e+01  -8.004027557373046875e+01  -6.697187805175781250e+01  -1.371044311523437500e+02  1.306070000000000000e+05  8.165183105468750000e+03  5.510727539062500000e+03  7.530851562500000000e+03
3.000000000000000000e+01  -7.478086090087890625e+01  -6.497633361816406250e+01  -1.323361816406250000e+02  1.390500000000000000e+05  7.782584472656250000e+03  5.253864257812500000e+03  7.184835937500000000e+03
2.900000000000000000e+01  -7.129774475097656250e+01  -6.343497085571289062e+01  -1.277934570312500000e+02  2.927080000000000000e+05  7.418814453125000000e+03  5.008824218750000000e+03  6.855289062500000000e+03
2.800000000000000000e+01  -7.032942199707031250e+01  -6.050462722778320312e+01  -1.274994125366210938e+02  4.578950000000000000e+05  7.104016601562500000e+03  4.798657226562500000e+03  6.573382812500000000e+03
