1.260000000000000000e+02  -5.784270763397216797e+00  -2.524681854248046875e+01  -9.848758697509765625e+00  3.615570000000000000e+05  6.531461328125000000e+04  2.111469921875000000e+04  6.959049218750000000e+04
1.240000000000000000e+02  2.429611980915069580e-01  5.698897933959960938e+01  1.439788055419921875e+01  3.534850000000000000e+05  6.350271484375000000e+04  2.058538867187500000e+04  6.766030468750000000e+04
1.230000000000000000e+02  -3.244233608245849609e+00  8.137298583984375000e+01  1.825723838806152344e+01  3.511410000000000000e+05  6.291314843750000000e+04  2.041458593750000000e+04  6.703047656250000000e+04
1.220000000000000000e+02  -8.257132530212402344e+00  1.072952651977539062e+02  2.369417381286621094e+01  3.473340000000000000e+05  6.203975000000000000e+04  2.016634179687500000e+04  6.609739843750000000e+04
1.210000000000000000e+02  -1.211838531494140625e+01  1.197031402587890625e+02  2.449530982971191406e+01  3.448760000000000000e+05  6.146430859375000000e+04  2.000423242187500000e+04  6.548233984375000000e+04
1.200000000000000000e+02  -1.601641654968261719e+01  1.325896148681640625e+02  2.446952629089355469e+01  3.412610000000000000e+05  6.061274609375000000e+04  1.976703320312500000e+04  6.457174609375000000e+04
1.190000000000000000e+02  -1.956433677673339844e+01  1.380583343505859375e+02  2.258442687988281250e+01  3.382840000000000000e+05  5.977319140625000000e+04  1.953591406250000000e+04  6.367361718750000000e+04
1.180000000000000000e+02  -2.094564819335937500e+01  1.389527435302734375e+02  2.042517471313476562e+01  3.370560000000000000e+05  5.922012500000000000e+04  1.938502343750000000e+04  6.308191015625000000e+04
1.170000000000000000e+02  -2.243929672241210938e+01  1.337277679443359375e+02  1.683505058288574219e+01  3.339050000000000000e+05  5.840205078125000000e+04  1.916441406250000000e+04  6.220432421875000000e+04
1.160000000000000000e+02  -2.491600608825683594e+01  1.205769348144531250e+02  1.181134891510009766e+01  3.301110000000000000e+05  5.759611718750000000e+04  1.894981835937500000e+04  6.133907421875000000e+04
1.150000000000000000e+02  -2.453284835815429688e+01  1.070599517822265625e+02  9.094147682189941406e+00  3.277550000000000000e+05  5.706530078125000000e+04  1.881083398437500000e+04  6.076801171875000000e+04
1.140000000000000000e+02  -2.507155990600585938e+01  7.639608001708984375e+01  1.739887237548828125e+00  3.248420000000000000e+05  5.627919140625000000e+04  1.860919531250000000e+04  5.992229296875000000e+04
1.130000000000000000e+02  -2.766129875183105469e+01  2.225906562805175781e+01  -9.483026504516601562e+00  3.210880000000000000e+05  5.550751171875000000e+04  1.842094921875000000e+04  5.909060546875000000e+04
1.120000000000000000e+02  3.311243534088134766e+00  -4.957052612304687500e+01  -8.843901634216308594e+00  3.165620000000000000e+05  5.473361718750000000e+04  1.824222070312500000e+04  5.826402734375000000e+04
1.110000000000000000e+02  4.621371078491210938e+01  -9.356980133056640625e+01  2.251817226409912109e+00  3.142670000000000000e+05  5.396573046875000000e+04  1.805387695312500000e+04  5.744354296875000000e+04
1.100000000000000000e+02  7.413887023925781250e+01  -1.147906723022460938e+02  1.021901988983154297e+01  3.137620000000000000e+05  5.346079296875000000e+04  1.792638281250000000e+04  5.690147265625000000e+04
1.090000000000000000e+02  1.086115036010742188e+02  -1.412640991210937500e+02  1.942994499206542969e+01  3.100070000000000000e+05  5.271379687500000000e+04  1.773477734375000000e+04  5.609719140625000000e+04
1.080000000000000000e+02  1.414818115234375000e+02  -1.640718994140625000e+02  2.804586791992187500e+01  3.081150000000000000e+05  5.197853515625000000e+04  1.754319726562500000e+04  5.530323828125000000e+04
1.070000000000000000e+02  1.683582153320312500e+02  -1.828299407958984375e+02  3.581299591064453125e+01  3.044740000000000000e+05  5.125490234375000000e+04  1.735340234375000000e+04  5.452002734375000000e+04
1.060000000000000000e+02  1.959575500488281250e+02  -1.986080169677734375e+02  4.451864624023437500e+01  3.019620000000000000e+05  5.054170312500000000e+04  1.716320312500000000e+04  5.374707421875000000e+04
1.050000000000000000e+02  2.195236206054687500e+02  -2.131182098388671875e+02  4.980385971069335938e+01  2.978730000000000000e+05  4.983891406250000000e+04  1.697458398437500000e+04  5.298489843750000000e+04
1.040000000000000000e+02  2.425510253906250000e+02  -2.256635131835937500e+02  5.362438583374023438e+01  2.932870000000000000e+05  4.914576562500000000e+04  1.678676757812500000e+04  5.223362109375000000e+04
1.030000000000000000e+02  2.625461730957031250e+02  -2.368213043212890625e+02  5.629681015014648438e+01  2.887100000000000000e+05  4.846257421875000000e+04  1.659965234375000000e+04  5.149228125000000000e+04
1.020000000000000000e+02  2.800329589843750000e+02  -2.454596557617187500e+02  5.697614669799804688e+01  2.862570000000000000e+05  4.779007812500000000e+04  1.641291210937500000e+04  5.076232812500000000e+04
1.010000000000000000e+02  2.942339477539062500e+02  -2.535714569091796875e+02  5.820666885375976562e+01  2.839880000000000000e+05  4.712762500000000000e+04  1.622836621093750000e+04  5.004337500000000000e+04
1.000000000000000000e+02  3.104960021972656250e+02  -2.650077514648437500e+02  5.658568954467773438e+01  2.805290000000000000e+05  4.625870312500000000e+04  1.598446777343750000e+04  4.910084765625000000e+04
9.900000000000000000e+01  3.199913635253906250e+02  -2.720350036621093750e+02  5.533586120605468750e+01  2.775960000000000000e+05  4.561867968750000000e+04  1.580240039062500000e+04  4.840600390625000000e+04
9.800000000000000000e+01  3.285428771972656250e+02  -2.770629272460937500e+02  5.616304779052734375e+01  2.754120000000000000e+05  4.498753515625000000e+04  1.562169238281250000e+04  4.772094531250000000e+04
9.700000000000000000e+01  3.364432983398437500e+02  -2.824611511230468750e+02  5.647704696655273438e+01  3.335860000000000000e+05  4.436556640625000000e+04  1.544279492187500000e+04  4.704557812500000000e+04
9.600000000000000000e+01  3.445366516113281250e+02  -2.887409667968750000e+02  5.493001937866210938e+01  3.312840000000000000e+05  4.355096484375000000e+04  1.520668261718750000e+04  4.616082031250000000e+04
9.500000000000000000e+01  3.482009887695312500e+02  -2.922121887207031250e+02  5.460497665405273438e+01  3.277120000000000000e+05  4.294981250000000000e+04  1.503119140625000000e+04  4.550827343750000000e+04
9.400000000000000000e+01  3.533396301269531250e+02  -2.972507324218750000e+02  5.436758041381835938e+01  3.244060000000000000e+05  4.216130078125000000e+04  1.479997753906250000e+04  4.465202734375000000e+04
9.300000000000000000e+01  3.559276733398437500e+02  -3.001993408203125000e+02  5.215751647949218750e+01  3.211910000000000000e+05  4.157908593750000000e+04  1.462834570312500000e+04  4.402062890625000000e+04
9.200000000000000000e+01  3.586407165527343750e+02  -3.044869689941406250e+02  5.375258255004882812e+01  3.185030000000000000e+05  4.081542578125000000e+04  1.440209863281250000e+04  4.319178515625000000e+04
9.100000000000000000e+01  3.607565307617187500e+02  -3.055757446289062500e+02  5.672011184692382812e+01  3.154160000000000000e+05  4.025196093750000000e+04  1.423375000000000000e+04  4.257964843750000000e+04
9.000000000000000000e+01  3.655126037597656250e+02  -3.078299865722656250e+02  6.010561370849609375e+01  3.104920000000000000e+05  3.951348437500000000e+04  1.401223144531250000e+04  4.177677343750000000e+04
8.900000000000000000e+01  3.642865905761718750e+02  -3.096852111816406250e+02  6.238813400268554688e+01  3.053260000000000000e+05  3.878842968750000000e+04  1.379406054687500000e+04  4.098932812500000000e+04
8.800000000000000000e+01  3.650885314941406250e+02  -3.092009582519531250e+02  6.612503051757812500e+01  3.031170000000000000e+05  3.807646875000000000e+04  1.357823242187500000e+04  4.021670703125000000e+04
8.700000000000000000e+01  3.665409851074218750e+02  -3.100511474609375000e+02  6.577204895019531250e+01  2.982540000000000000e+05  3.755155468750000000e+04  1.341838085937500000e+04  3.964790234375000000e+04
8.600000000000000000e+01  3.656496276855468750e+02  -3.118616027832031250e+02  6.235166549682617188e+01  2.949730000000000000e+05  3.686426171875000000e+04  1.320636132812500000e+04  3.890206250000000000e+04
8.500000000000000000e+01  3.669921264648437500e+02  -3.117723083496093750e+02  5.897854614257812500e+01  2.925450000000000000e+05  3.669366796875000000e+04  1.315428515625000000e+04  3.871831250000000000e+04
8.400000000000000000e+01  3.631551513671875000e+02  -3.117712097167968750e+02  5.209816360473632812e+01  2.887440000000000000e+05  3.602197265625000000e+04  1.294855761718750000e+04  3.799030859375000000e+04
8.300000000000000000e+01  3.582349853515625000e+02  -3.116498718261718750e+02  5.031899642944335938e+01  2.828420000000000000e+05  3.536114062500000000e+04  1.274407031250000000e+04  3.727521093750000000e+04
8.200000000000000000e+01  3.517627258300781250e+02  -3.122395324707031250e+02  4.761835098266601562e+01  2.782440000000000000e+05  3.471310937500000000e+04  1.254349902343750000e+04  3.657431250000000000e+04
8.100000000000000000e+01  3.484967651367187500e+02  -3.086974487304687500e+02  4.565932083129882812e+01  2.723520000000000000e+05  3.407791406250000000e+04  1.234521386718750000e+04  3.588746875000000000e+04
8.000000000000000000e+01  3.404537048339843750e+02  -3.086513977050781250e+02  4.278871536254882812e+01  2.630610000000000000e+05  3.329846484375000000e+04  1.210183496093750000e+04  3.504533593750000000e+04
7.900000000000000000e+01  3.352534790039062500e+02  -3.090377502441406250e+02  4.291351318359375000e+01  2.587590000000000000e+05  3.268773437500000000e+04  1.191071289062500000e+04  3.438708984375000000e+04
7.800000000000000000e+01  3.273303833007812500e+02  -3.088955383300781250e+02  4.351632690429687500e+01  2.517610000000000000e+05  3.193981445312500000e+04  1.167447265625000000e+04  3.358066406250000000e+04
7.700000000000000000e+01  3.207395935058593750e+02  -3.072304077148437500e+02  4.140541839599609375e+01  2.411970000000000000e+05  3.120944921875000000e+04  1.144200390625000000e+04  3.279338671875000000e+04
7.600000000000000000e+01  3.132421264648437500e+02  -3.074408874511718750e+02  4.132585144042968750e+01  2.265650000000000000e+05  3.049649804687500000e+04  1.121501171875000000e+04  3.202453906250000000e+04
7.500000000000000000e+01  3.039547119140625000e+02  -3.068300476074218750e+02  3.925131607055664062e+01  2.200120000000000000e+05  2.980096289062500000e+04  1.099144238281250000e+04  3.127515429687500000e+04
7.400000000000000000e+01  2.977752380371093750e+02  -3.053314208984375000e+02  3.541342163085937500e+01  2.135180000000000000e+05  2.911976171875000000e+04  1.077065527343750000e+04  3.054574218750000000e+04
7.300000000000000000e+01  2.873741455078125000e+02  -3.032869567871093750e+02  3.416930770874023438e+01  2.053640000000000000e+05  2.832324414062500000e+04  1.051109765625000000e+04  2.969085156250000000e+04
7.200000000000000000e+01  2.796693115234375000e+02  -3.023116760253906250e+02  3.265895080566406250e+01  1.989160000000000000e+05  2.767474218750000000e+04  1.029830273437500000e+04  2.899703320312500000e+04
7.100000000000000000e+01  2.687746582031250000e+02  -2.972682189941406250e+02  2.884950447082519531e+01  1.902210000000000000e+05  2.691704296875000000e+04  1.004646777343750000e+04  2.818638085937500000e+04
7.000000000000000000e+01  2.597134704589843750e+02  -2.934020690917968750e+02  2.686752128601074219e+01  1.815520000000000000e+05  2.617964453125000000e+04  9.801155273437500000e+03  2.739937304687500000e+04
6.900000000000000000e+01  2.488801422119140625e+02  -2.928092651367187500e+02  2.349688720703125000e+01  1.725610000000000000e+05  2.546300390625000000e+04  9.561541015625000000e+03  2.663282812500000000e+04
6.800000000000000000e+01  2.395586395263671875e+02  -2.892885437011718750e+02  2.446063995361328125e+01  1.610220000000000000e+05  2.464952929687500000e+04  9.288414062500000000e+03  2.576400000000000000e+04
6.700000000000000000e+01  2.320034332275390625e+02  -2.869356689453125000e+02  2.268951606750488281e+01  1.506160000000000000e+05  2.386020898437500000e+04  9.021170898437500000e+03  2.492302539062500000e+04
6.600000000000000000e+01  2.215741424560546875e+02  -2.821683959960937500e+02  1.934996604919433594e+01  1.408210000000000000e+05  2.309480664062500000e+04  8.758456054687500000e+03  2.411288085937500000e+04
6.500000000000000000e+01  2.095472717285156250e+02  -2.792948608398437500e+02  1.603638839721679688e+01  1.391020000000000000e+05  2.235693359375000000e+04  8.504307617187500000e+03  2.332775781250000000e+04
6.400000000000000000e+01  2.028619689941406250e+02  -2.707798461914062500e+02  9.554917335510253906e+00  1.255180000000000000e+05  2.154050000000000000e+04  8.217328125000000000e+03  2.246196093750000000e+04
6.300000000000000000e+01  1.961129150390625000e+02  -2.685138549804687500e+02  6.671161174774169922e+00  1.131990000000000000e+05  2.074875000000000000e+04  7.941169921875000000e+03  2.162684179687500000e+04
6.200000000000000000e+01  1.882953186035156250e+02  -2.681146850585937500e+02  7.161179542541503906e+00  1.024250000000000000e+05  1.989212695312500000e+04  7.644907226562500000e+03  2.072139843750000000e+04
6.100000000000000000e+01  1.858480377197265625e+02  -2.667007141113281250e+02  -6.124338507652282715e-02  9.033700000000000000e+04  1.906781250000000000e+04  7.358610839843750000e+03  1.985687304687500000e+04
6.000000000000000000e+01  1.832656402587890625e+02  -2.685068664550781250e+02  0.000000000000000000e+00  8.267400000000000000e+04  1.853744140625000000e+04  7.174917968750000000e+03  1.929944335937500000e+04
5.900000000000000000e+01  1.786943054199218750e+02  -2.694623107910156250e+02  2.686846494674682617e+00  7.898600000000000000e+04  1.819432031250000000e+04  7.054084960937500000e+03  1.893545507812500000e+04
5.800000000000000000e+01  1.594663696289062500e+02  -2.647054748535156250e+02  4.490222454071044922e+00  7.079500000000000000e+04  1.737311914062500000e+04  6.755612792968750000e+03  1.805878515625000000e+04
5.700000000000000000e+01  1.485072326660156250e+02  -2.519107513427734375e+02  1.320783615112304688e+00  6.912500000000000000e+04  1.658201562500000000e+04  6.462436035156250000e+03  1.722336328125000000e+04
5.600000000000000000e+01  1.434508972167968750e+02  -2.414843597412109375e+02  -3.471441507339477539e+00  5.997000000000000000e+04  1.582277441406250000e+04  6.183152832031250000e+03  1.642583203125000000e+04
5.400000000000000000e+01  1.392032165527343750e+02  -2.392061309814453125e+02  2.814267873764038086e+00  6.512700000000000000e+04  1.488794433593750000e+04  5.839439941406250000e+03  1.544352148437500000e+04
5.200000000000000000e+01  1.243478393554687500e+02  -2.259040832519531250e+02  9.625293731689453125e+00  5.022500000000000000e+04  1.374804296875000000e+04  5.417017089843750000e+03  1.424726562500000000e+04
5.100000000000000000e+01  1.163340759277343750e+02  -2.169008636474609375e+02  1.003351211547851562e+01  4.459600000000000000e+04  1.317983300781250000e+04  5.203290039062500000e+03  1.365084472656250000e+04
5.000000000000000000e+01  1.094549102783203125e+02  -2.093112792968750000e+02  9.461684226989746094e+00  3.737200000000000000e+04  1.257533300781250000e+04  4.975866699218750000e+03  1.301777148437500000e+04
4.900000000000000000e+01  1.082856292724609375e+02  -2.074809722900390625e+02  9.722330093383789062e+00  3.709700000000000000e+04  1.245795996093750000e+04  4.931431640625000000e+03  1.289488281250000000e+04
4.800000000000000000e+01  1.035092926025390625e+02  -2.029575042724609375e+02  8.089182853698730469e+00  3.429200000000000000e+04  1.199996972656250000e+04  4.759094238281250000e+03  1.241498339843750000e+04
4.700000000000000000e+01  9.876560974121093750e+01  -1.950406188964843750e+02  3.121105432510375977e+00  2.940900000000000000e+04  1.144963183593750000e+04  4.549152832031250000e+03  1.184084472656250000e+04
4.600000000000000000e+01  9.353916931152343750e+01  -1.901855010986328125e+02  2.599030494689941406e+00  2.310400000000000000e+04  1.092504785156250000e+04  4.349373535156250000e+03  1.129295507812500000e+04
4.500000000000000000e+01  9.232977294921875000e+01  -1.852923126220703125e+02  2.830992698669433594e+00  2.110300000000000000e+04  1.067121191406250000e+04  4.251401367187500000e+03  1.102810546875000000e+04
4.400000000000000000e+01  9.207083129882812500e+01  -1.815828094482421875e+02  3.152951240539550781e+00  1.957100000000000000e+04  1.047226660156250000e+04  4.175033203125000000e+03  1.082078027343750000e+04
4.300000000000000000e+01  9.225234985351562500e+01  -1.773940887451171875e+02  2.406370639801025391e+00  1.479600000000000000e+04  9.989646484375000000e+03  3.994362792968750000e+03  1.031889160156250000e+04
4.200000000000000000e+01  9.342240905761718750e+01  -1.731436004638671875e+02  1.302556514739990234e+00  1.207100000000000000e+04  9.528378906250000000e+03  3.821032714843750000e+03  9.841820312500000000e+03
4.100000000000000000e+01  9.349615478515625000e+01  -1.711796112060546875e+02  9.426342844963073730e-01  1.141700000000000000e+04  9.349792968750000000e+03  3.753300781250000000e+03  9.657366210937500000e+03
4.000000000000000000e+01  9.405549621582031250e+01  -1.677812805175781250e+02  9.465238451957702637e-01  1.006700000000000000e+04  9.087885742187500000e+03  3.653405761718750000e+03  9.386832031250000000e+03
3.900000000000000000e+01  9.435565948486328125e+01  -1.632342987060546875e+02  1.355675458908081055e-01  8.119000000000000000e+03  8.708295898437500000e+03  3.507887939453125000e+03  8.995323242187500000e+03
3.800000000000000000e+01  9.320565795898437500e+01  -1.574526977539062500e+02  -3.263115510344505310e-02  1.400600000000000000e+04  8.305906250000000000e+03  3.352616455078125000e+03  8.579020507812500000e+03
3.700000000000000000e+01  9.061278533935546875e+01  -1.523258514404296875e+02  -8.238273262977600098e-01  1.120400000000000000e+04  7.923117675781250000e+03  3.204833984375000000e+03  8.182052246093750000e+03
3.600000000000000000e+01  8.762477111816406250e+01  -1.459780120849609375e+02  -5.992184206843376160e-02  1.184000000000000000e+04  7.558554687500000000e+03  3.061317138671875000e+03  7.803410644531250000e+03
3.500000000000000000e+01  8.724744415283203125e+01  -1.452105712890625000e+02  -1.714138686656951904e-01  1.196400000000000000e+04  7.487479980468750000e+03  3.033625976562500000e+03  7.729721679687500000e+03
3.400000000000000000e+01  8.528924560546875000e+01  -1.396530761718750000e+02  -6.590785384178161621e-01  8.284000000000000000e+03  7.209866699218750000e+03  2.923446044921875000e+03  7.441805175781250000e+03
3.300000000000000000e+01  8.289708709716796875e+01  -1.354622192382812500e+02  -1.451470494270324707e+00  5.770000000000000000e+03  6.910019531250000000e+03  2.805620605468750000e+03  7.130941894531250000e+03
3.200000000000000000e+01  8.152832031250000000e+01  -1.331399078369140625e+02  -1.343188643455505371e+00  5.593000000000000000e+03  6.813149414062500000e+03  2.766827880859375000e+03  7.030143554687500000e+03
3.100000000000000000e+01  7.916748809814453125e+01  -1.286472167968750000e+02  -1.940343618392944336e+00  6.579000000000000000e+03  6.592520507812500000e+03  2.678897949218750000e+03  6.801143554687500000e+03
3.000000000000000000e+01  7.582085418701171875e+01  -1.231498794555664062e+02  -2.158196449279785156e+00  4.404000000000000000e+03  6.288674804687500000e+03  2.558145996093750000e+03  6.486091796875000000e+03
2.900000000000000000e+01  7.208583831787109375e+01  -1.177655258178710938e+02  -2.067257642745971680e+00  9.509000000000000000e+03  5.999384277343750000e+03  2.442883056640625000e+03  6.185841308593750000e+03
2.800000000000000000e+01  6.977507019042968750e+01  -1.129381408691406250e+02  -3.017254114151000977e+00  9.348000000000000000e+03  5.749504882812500000e+03  2.343135009765625000e+03  5.927419921875000000e+03
2.700000000000000000e+01  6.734175109863281250e+01  -1.078339157104492188e+02  -2.736387491226196289e+00  7.973000000000000000e+03  5.484398437500000000e+03  2.237063232421875000e+03  5.652884277343750000e+03
