1.180000000000000000e+02  -1.344178390502929688e+01  -3.439648389816284180e+00  1.333090019226074219e+01  3.708320000000000000e+05  3.993379687500000000e+04  7.250138281250000000e+04  3.281833984375000000e+04
1.170000000000000000e+02  -2.506740379333496094e+01  -8.419755935668945312e+00  2.422632026672363281e+01  3.662050000000000000e+05  3.938572656250000000e+04  7.147445312500000000e+04  3.228840429687500000e+04
1.150000000000000000e+02  3.929613113403320312e+01  8.789121627807617188e+00  -1.895957756042480469e+01  3.602870000000000000e+05  3.845722656250000000e+04  6.978489062500000000e+04  3.144894531250000000e+04
1.140000000000000000e+02  9.325365447998046875e+01  1.292242145538330078e+01  -2.817972755432128906e+01  3.565180000000000000e+05  3.790482421875000000e+04  6.879278906250000000e+04  3.094925781250000000e+04
1.130000000000000000e+02  1.348165435791015625e+02  1.395559310913085938e+01  -3.231175231933593750e+01  3.532060000000000000e+05  3.736385156250000000e+04  6.781643750000000000e+04  3.045478710937500000e+04
1.120000000000000000e+02  1.692450561523437500e+02  1.413019943237304688e+01  -3.563866806030273438e+01  3.494360000000000000e+05  3.683355859375000000e+04  6.685241406250000000e+04  2.996768359375000000e+04
1.110000000000000000e+02  1.985633544921875000e+02  1.437952041625976562e+01  -3.719820785522460938e+01  3.469620000000000000e+05  3.631098046875000000e+04  6.590251562500000000e+04  2.948657031250000000e+04
1.100000000000000000e+02  2.160185089111328125e+02  1.407256126403808594e+01  -3.923883438110351562e+01  3.453110000000000000e+05  3.596771484375000000e+04  6.527602343750000000e+04  2.917043164062500000e+04
1.090000000000000000e+02  2.399978179931640625e+02  1.466995048522949219e+01  -4.231932830810546875e+01  3.425060000000000000e+05  3.545915625000000000e+04  6.434863281250000000e+04  2.870220117187500000e+04
1.080000000000000000e+02  2.620203857421875000e+02  1.411805820465087891e+01  -4.340252685546875000e+01  3.402140000000000000e+05  3.495805859375000000e+04  6.343505468750000000e+04  2.824090625000000000e+04
1.070000000000000000e+02  2.818109741210937500e+02  1.428612327575683594e+01  -4.439209747314453125e+01  3.366250000000000000e+05  3.446504296875000000e+04  6.253432031250000000e+04  2.778601953125000000e+04
1.060000000000000000e+02  3.022036437988281250e+02  1.134154510498046875e+01  -4.467466735839843750e+01  3.344540000000000000e+05  3.397749218750000000e+04  6.164748828125000000e+04  2.733859765625000000e+04
1.050000000000000000e+02  3.173652343750000000e+02  1.080166053771972656e+01  -4.541711044311523438e+01  3.311790000000000000e+05  3.349892187500000000e+04  6.077158203125000000e+04  2.689808398437500000e+04
1.040000000000000000e+02  3.319424743652343750e+02  9.701890945434570312e+00  -4.619163513183593750e+01  3.274540000000000000e+05  3.302693750000000000e+04  5.990838671875000000e+04  2.646465625000000000e+04
1.030000000000000000e+02  3.475451354980468750e+02  9.727350234985351562e+00  -4.734654235839843750e+01  3.230840000000000000e+05  3.256000781250000000e+04  5.905620703125000000e+04  2.603784960937500000e+04
1.020000000000000000e+02  3.587295532226562500e+02  7.981391906738281250e+00  -4.813947677612304688e+01  3.207050000000000000e+05  3.210172656250000000e+04  5.821814453125000000e+04  2.561835156250000000e+04
1.010000000000000000e+02  3.710845642089843750e+02  3.211377620697021484e+00  -4.891520309448242188e+01  3.174210000000000000e+05  3.164877539062500000e+04  5.739348046875000000e+04  2.520526562500000000e+04
1.000000000000000000e+02  3.872908630371093750e+02  1.492803096771240234e+00  -4.676804351806640625e+01  3.134470000000000000e+05  3.105608593750000000e+04  5.630903125000000000e+04  2.466350000000000000e+04
9.900000000000000000e+01  3.970735168457031250e+02  1.607107281684875488e+00  -4.801362991333007812e+01  3.081700000000000000e+05  3.061937109375000000e+04  5.550830859375000000e+04  2.426700976562500000e+04
9.800000000000000000e+01  4.056455688476562500e+02  -2.073775768280029297e+00  -5.026168441772460938e+01  3.054530000000000000e+05  3.018740820312500000e+04  5.472124218750000000e+04  2.387754296875000000e+04
9.700000000000000000e+01  4.133418273925781250e+02  -5.796151161193847656e+00  -5.140288543701171875e+01  3.032590000000000000e+05  2.976231835937500000e+04  5.394435156250000000e+04  2.349290234375000000e+04
9.600000000000000000e+01  4.245365905761718750e+02  -7.653721809387207031e+00  -4.917979812622070312e+01  3.023120000000000000e+05  2.920411328125000000e+04  5.292420703125000000e+04  2.298771484375000000e+04
9.500000000000000000e+01  4.307171325683593750e+02  -9.539797782897949219e+00  -4.742320632934570312e+01  3.277740000000000000e+05  2.879375585937500000e+04  5.217216796875000000e+04  2.261496484375000000e+04
9.400000000000000000e+01  4.367051696777343750e+02  -1.237737464904785156e+01  -4.235367965698242188e+01  3.240370000000000000e+05  2.825555273437500000e+04  5.118756250000000000e+04  2.212470117187500000e+04
9.300000000000000000e+01  4.442165832519531250e+02  -1.487057495117187500e+01  -3.931072616577148438e+01  3.203100000000000000e+05  2.785701367187500000e+04  5.046146875000000000e+04  2.176438476562500000e+04
9.200000000000000000e+01  4.491846008300781250e+02  -2.066334724426269531e+01  -2.926791191101074219e+01  3.154740000000000000e+05  2.733841601562500000e+04  4.951126562500000000e+04  2.129066210937500000e+04
9.100000000000000000e+01  4.518275451660156250e+02  -2.251578521728515625e+01  -2.473621177673339844e+01  3.130840000000000000e+05  2.695593164062500000e+04  4.880733984375000000e+04  2.094484570312500000e+04
9.000000000000000000e+01  4.506272583007812500e+02  -2.671726799011230469e+01  -2.114605140686035156e+01  3.083320000000000000e+05  2.645724023437500000e+04  4.788541796875000000e+04  2.049383007812500000e+04
8.900000000000000000e+01  4.482941589355468750e+02  -2.817405319213867188e+01  -1.758489036560058594e+01  3.042490000000000000e+05  2.596627539062500000e+04  4.697998046875000000e+04  2.005301953125000000e+04
8.800000000000000000e+01  4.459839782714843750e+02  -3.158950996398925781e+01  -1.682052040100097656e+01  2.960510000000000000e+05  2.548386132812500000e+04  4.609280468750000000e+04  1.962341015625000000e+04
8.700000000000000000e+01  4.448381958007812500e+02  -3.346491622924804688e+01  -1.477815723419189453e+01  2.906260000000000000e+05  2.512763867187500000e+04  4.543735937500000000e+04  1.930611914062500000e+04
8.600000000000000000e+01  4.410142517089843750e+02  -3.794469451904296875e+01  -1.357261085510253906e+01  2.854120000000000000e+05  2.466300000000000000e+04  4.457960937500000000e+04  1.889351953125000000e+04
8.500000000000000000e+01  4.390915222167968750e+02  -3.767626190185546875e+01  -1.397649860382080078e+01  2.853730000000000000e+05  2.454889843750000000e+04  4.436662500000000000e+04  1.879185742187500000e+04
8.400000000000000000e+01  4.358478088378906250e+02  -3.989958190917968750e+01  -1.066523933410644531e+01  2.810800000000000000e+05  2.409641406250000000e+04  4.352819921875000000e+04  1.838894531250000000e+04
8.300000000000000000e+01  4.339903259277343750e+02  -4.036111450195312500e+01  -4.478773117065429688e+00  2.761140000000000000e+05  2.364907031250000000e+04  4.270367187500000000e+04  1.799144921875000000e+04
8.200000000000000000e+01  4.309770507812500000e+02  -4.425115966796875000e+01  -2.579852342605590820e+00  2.801600000000000000e+05  2.321055273437500000e+04  4.189766406250000000e+04  1.760695898437500000e+04
8.100000000000000000e+01  4.285589599609375000e+02  -4.693407440185546875e+01  3.199757814407348633e+00  2.763120000000000000e+05  2.277875781250000000e+04  4.110807812500000000e+04  1.722605078125000000e+04
8.000000000000000000e+01  4.232471313476562500e+02  -4.977262496948242188e+01  9.443494796752929688e+00  2.679810000000000000e+05  2.224950585937500000e+04  4.013895312500000000e+04  1.676255664062500000e+04
7.900000000000000000e+01  4.185338134765625000e+02  -5.369001007080078125e+01  1.305666446685791016e+01  2.640390000000000000e+05  2.183595507812500000e+04  3.938202734375000000e+04  1.640240234375000000e+04
7.800000000000000000e+01  4.153752136230468750e+02  -5.786030197143554688e+01  1.663944625854492188e+01  2.604020000000000000e+05  2.132765039062500000e+04  3.845605859375000000e+04  1.596439648437500000e+04
7.700000000000000000e+01  4.114088134765625000e+02  -6.025473403930664062e+01  2.347985839843750000e+01  2.529450000000000000e+05  2.083224218750000000e+04  3.755008593750000000e+04  1.553532617187500000e+04
7.600000000000000000e+01  4.040647583007812500e+02  -6.273806381225585938e+01  2.961992454528808594e+01  2.460560000000000000e+05  2.034748437500000000e+04  3.666726562500000000e+04  1.511856542968750000e+04
7.500000000000000000e+01  3.982413635253906250e+02  -6.620896148681640625e+01  2.624049377441406250e+01  2.410000000000000000e+05  1.987360156250000000e+04  3.580402343750000000e+04  1.472046386718750000e+04
7.400000000000000000e+01  3.962138061523437500e+02  -7.045418548583984375e+01  2.722591781616210938e+01  2.355190000000000000e+05  1.940990429687500000e+04  3.496478906250000000e+04  1.433242187500000000e+04
7.300000000000000000e+01  3.847024536132812500e+02  -7.606649780273437500e+01  2.830681037902832031e+01  2.282200000000000000e+05  1.886689843750000000e+04  3.398179296875000000e+04  1.387624902343750000e+04
7.200000000000000000e+01  3.673112182617187500e+02  -7.637067413330078125e+01  2.718354034423828125e+01  2.223510000000000000e+05  1.843091796875000000e+04  3.317988671875000000e+04  1.350876367187500000e+04
7.100000000000000000e+01  3.513713989257812500e+02  -8.139544677734375000e+01  3.439896392822265625e+01  2.125830000000000000e+05  1.791880859375000000e+04  3.224768359375000000e+04  1.307570898437500000e+04
7.000000000000000000e+01  3.263672790527343750e+02  -7.879016876220703125e+01  3.826675796508789062e+01  2.054560000000000000e+05  1.743185156250000000e+04  3.133606250000000000e+04  1.266078417968750000e+04
6.900000000000000000e+01  3.113614501953125000e+02  -7.844841766357421875e+01  4.034574890136718750e+01  1.974710000000000000e+05  1.694997851562500000e+04  3.045247851562500000e+04  1.226260449218750000e+04
6.800000000000000000e+01  2.974128417968750000e+02  -8.269189453125000000e+01  3.770291137695312500e+01  1.854790000000000000e+05  1.640250390625000000e+04  2.945664843750000000e+04  1.181892675781250000e+04
6.700000000000000000e+01  2.834222717285156250e+02  -8.331647491455078125e+01  4.876636886596679688e+01  1.741180000000000000e+05  1.587454589843750000e+04  2.849098242187500000e+04  1.138036328125000000e+04
6.600000000000000000e+01  2.699706726074218750e+02  -8.803741455078125000e+01  4.777125549316406250e+01  1.779160000000000000e+05  1.536345800781250000e+04  2.756155273437500000e+04  1.097049609375000000e+04
6.500000000000000000e+01  2.648698120117187500e+02  -9.292872619628906250e+01  5.549152374267578125e+01  1.690080000000000000e+05  1.486052636718750000e+04  2.666284375000000000e+04  1.056721484375000000e+04
6.400000000000000000e+01  2.523265075683593750e+02  -9.170207977294921875e+01  6.988010406494140625e+01  1.574090000000000000e+05  1.431286523437500000e+04  2.566459375000000000e+04  1.012121093750000000e+04
6.300000000000000000e+01  2.298859558105468750e+02  -8.702910614013671875e+01  8.244491577148437500e+01  1.458250000000000000e+05  1.379551367187500000e+04  2.469957421875000000e+04  9.696526367187500000e+03
6.200000000000000000e+01  2.031111450195312500e+02  -7.871797943115234375e+01  7.583448028564453125e+01  1.376210000000000000e+05  1.323778808593750000e+04  2.366036718750000000e+04  9.251996093750000000e+03
6.100000000000000000e+01  1.883205566406250000e+02  -7.596031188964843750e+01  7.203076934814453125e+01  1.244760000000000000e+05  1.269789453125000000e+04  2.266441992187500000e+04  8.833993164062500000e+03
6.000000000000000000e+01  1.842471466064453125e+02  -7.892093658447265625e+01  7.443354034423828125e+01  1.117910000000000000e+05  1.234880859375000000e+04  2.202641406250000000e+04  8.567902343750000000e+03
5.900000000000000000e+01  1.819706878662109375e+02  -8.312516021728515625e+01  7.940596008300781250e+01  1.075950000000000000e+05  1.212039843750000000e+04  2.161140234375000000e+04  8.395017578125000000e+03
5.800000000000000000e+01  1.708214721679687500e+02  -9.834442138671875000e+01  8.651839447021484375e+01  1.008510000000000000e+05  1.156601757812500000e+04  2.061020507812500000e+04  7.979469726562500000e+03
5.700000000000000000e+01  1.610824737548828125e+02  -1.095286712646484375e+02  9.052001190185546875e+01  1.313840000000000000e+05  1.103506054687500000e+04  1.965417382812500000e+04  7.582793945312500000e+03
5.600000000000000000e+01  1.494970550537109375e+02  -1.195903396606445312e+02  9.034526824951171875e+01  1.209830000000000000e+05  1.053049511718750000e+04  1.874416210937500000e+04  7.207699218750000000e+03
5.400000000000000000e+01  1.355468902587890625e+02  -1.256105270385742188e+02  9.003607940673828125e+01  1.072410000000000000e+05  9.908517578125000000e+03  1.762166210937500000e+04  6.746520996093750000e+03
5.200000000000000000e+01  1.156987686157226562e+02  -1.356281127929687500e+02  8.580883789062500000e+01  8.671500000000000000e+04  9.153967773437500000e+03  1.625792578125000000e+04  6.194266601562500000e+03
5.100000000000000000e+01  1.061350250244140625e+02  -1.349121856689453125e+02  8.244709777832031250e+01  7.563100000000000000e+04  8.777761718750000000e+03  1.557633691406250000e+04  5.920188476562500000e+03
5.000000000000000000e+01  9.948501586914062500e+01  -1.338919982910156250e+02  8.006885528564453125e+01  6.362300000000000000e+04  8.375099609375000000e+03  1.485213671875000000e+04  5.630330078125000000e+03
4.900000000000000000e+01  9.797103118896484375e+01  -1.333456573486328125e+02  7.971043395996093750e+01  6.202000000000000000e+04  8.297206054687500000e+03  1.471128320312500000e+04  5.574427246093750000e+03
4.800000000000000000e+01  9.250660705566406250e+01  -1.314387512207031250e+02  7.697731781005859375e+01  5.820500000000000000e+04  7.991109375000000000e+03  1.416153417968750000e+04  5.355439453125000000e+03
4.700000000000000000e+01  8.685561370849609375e+01  -1.299503173828125000e+02  7.536411285400390625e+01  4.982900000000000000e+04  7.623694335937500000e+03  1.350396289062500000e+04  5.093480468750000000e+03
4.600000000000000000e+01  8.249551391601562500e+01  -1.304207611083984375e+02  7.515469360351562500e+01  5.855100000000000000e+04  7.272281738281250000e+03  1.287787500000000000e+04  4.844796875000000000e+03
4.500000000000000000e+01  8.011543273925781250e+01  -1.296217956542968750e+02  7.408700561523437500e+01  5.349200000000000000e+04  7.102437500000000000e+03  1.257561230468750000e+04  4.725153320312500000e+03
4.400000000000000000e+01  7.846887969970703125e+01  -1.281006774902343750e+02  7.262698364257812500e+01  5.219200000000000000e+04  6.969663085937500000e+03  1.233917968750000000e+04  4.631872070312500000e+03
4.300000000000000000e+01  7.550330352783203125e+01  -1.250868301391601562e+02  7.112717437744140625e+01  4.530700000000000000e+04  6.647775390625000000e+03  1.176808984375000000e+04  4.405737304687500000e+03
4.200000000000000000e+01  7.372370910644531250e+01  -1.224106521606445312e+02  6.849300384521484375e+01  3.736000000000000000e+04  6.340676269531250000e+03  1.122296386718750000e+04  4.192282714843750000e+03
4.100000000000000000e+01  7.275403594970703125e+01  -1.208256149291992188e+02  6.747563171386718750e+01  3.565100000000000000e+04  6.221983886718750000e+03  1.101144726562500000e+04  4.109912109375000000e+03
4.000000000000000000e+01  7.022263336181640625e+01  -1.176694183349609375e+02  6.572412109375000000e+01  4.092300000000000000e+04  6.048833496093750000e+03  1.070181250000000000e+04  3.989517822265625000e+03
3.900000000000000000e+01  6.535259246826171875e+01  -1.123286819458007812e+02  6.263543319702148438e+01  4.649400000000000000e+04  5.798984863281250000e+03  1.025265039062500000e+04  3.816777587890625000e+03
3.800000000000000000e+01  6.106274032592773438e+01  -1.085053558349609375e+02  5.938808441162109375e+01  3.935000000000000000e+04  5.533080078125000000e+03  9.776622070312500000e+03  3.634698242187500000e+03
3.700000000000000000e+01  5.663034820556640625e+01  -1.047722854614257812e+02  5.633440780639648438e+01  6.767500000000000000e+04  5.279381835937500000e+03  9.322730468750000000e+03  3.460902099609375000e+03
3.600000000000000000e+01  5.367876815795898438e+01  -1.006423721313476562e+02  5.350432205200195312e+01  2.766700000000000000e+04  5.036480957031250000e+03  8.889464843750000000e+03  3.295613769531250000e+03
3.500000000000000000e+01  5.294913482666015625e+01  -1.001589584350585938e+02  5.380592727661132812e+01  2.392300000000000000e+04  4.989153808593750000e+03  8.805484375000000000e+03  3.263145996093750000e+03
3.400000000000000000e+01  5.134243011474609375e+01  -9.763442230224609375e+01  5.216841506958007812e+01  4.212900000000000000e+04  4.803753906250000000e+03  8.477501953125000000e+03  3.137558105468750000e+03
3.300000000000000000e+01  4.911047363281250000e+01  -9.450629425048828125e+01  5.009236907958984375e+01  7.465800000000000000e+04  4.603449707031250000e+03  8.122860351562500000e+03  3.002654052734375000e+03
3.200000000000000000e+01  4.822057342529296875e+01  -9.345151519775390625e+01  4.950119400024414062e+01  5.893000000000000000e+04  4.538635742187500000e+03  8.008088378906250000e+03  2.959119384765625000e+03
3.100000000000000000e+01  4.668783950805664062e+01  -9.040097808837890625e+01  4.770853424072265625e+01  1.586860000000000000e+05  4.390986816406250000e+03  7.746224609375000000e+03  2.859960205078125000e+03
3.000000000000000000e+01  4.610840606689453125e+01  -8.925743865966796875e+01  4.585143280029296875e+01  1.054390000000000000e+05  4.187700195312500000e+03  7.386741699218750000e+03  2.723980224609375000e+03
2.900000000000000000e+01  4.345503234863281250e+01  -8.416970825195312500e+01  4.347745513916015625e+01  6.087300000000000000e+04  3.993964355468750000e+03  7.044939941406250000e+03  2.594650634765625000e+03
2.800000000000000000e+01  4.216582870483398438e+01  -8.201383972167968750e+01  4.112306594848632812e+01  5.764100000000000000e+04  3.827193847656250000e+03  6.750488769531250000e+03  2.483556152343750000e+03
2.700000000000000000e+01  4.042055130004882812e+01  -7.854819488525390625e+01  3.889756011962890625e+01  7.895800000000000000e+04  3.650259277343750000e+03  6.437756347656250000e+03  2.365696777343750000e+03
2.600000000000000000e+01  3.803136062622070312e+01  -7.621402740478515625e+01  3.693443679809570312e+01  1.386740000000000000e+05  3.481979492187500000e+03  6.139995605468750000e+03  2.253675781250000000e+03
