2.307210551350601102e-02  2.341300250994391915e-02  7.907377343071857467e-01  6.791211139643564820e-01
2.488207757198688738e-02  2.449288308192068900e-02  7.448295606722240336e+00  6.067929344131698599e+00
2.276049197679319569e-02  2.502135935462479824e-02  1.271258600259534433e+01  1.643270797805962502e+01
1.679162375153109982e-02  1.642745327366247968e-02  3.214141005184501410e+00  2.696170597249874845e+00
2.022960397695045681e-02  2.041504699077912460e-02  7.478960600274149328e-01  9.643109842290868983e-01
1.980003972576913074e-02  2.019363524099789670e-02  3.963931949474499561e+00  4.247692208078660769e+00
1.657116807994037794e-02  1.632304729192948778e-02  3.889159526152070612e+00  3.644335475895786658e+00
2.340343920349506612e-02  2.301660522180181551e-02  1.669030029923305847e+00  1.219331008425797336e+00
2.452914437083061894e-02  2.275823549555532760e-02  2.542058850340254139e+00  3.456631198947434314e+00
2.421233065411441260e-02  2.440608715958873451e-02  3.396127682499354705e-01  3.619450666883494705e-01
2.104964954862702589e-02  2.052429819757251028e-02  4.732605965429684147e+00  5.351192063593771309e+00
2.255495683489201764e-02  2.239089201232193765e-02  2.896959014862659387e+00  1.878910722887667362e+00
2.158644321461935731e-02  2.303367903238928704e-02  3.716132319263124373e+00  3.617179834007401951e+00
2.124543791969118328e-02  2.145092868155360974e-02  1.664405435833032243e+00  1.149357547241379507e+00
2.919982325418599492e-02  2.866170729699758085e-02  3.994295750635501463e+00  4.507661113751964876e+00
2.407128273862256182e-02  2.349721833827320486e-02  3.650070893534575589e+00  4.801955898205051199e+00
2.069586403351122983e-02  2.031856163781850522e-02  3.577781457832315937e+00  2.981249499338446185e+00
2.615385439206369816e-02  2.608761444400659393e-02  1.779797065995808225e+00  3.561758451236528344e+00
1.912890951457798042e-02  1.898838669106280366e-02  2.397303410223685205e+00  2.020371002508909442e+00
2.513311464010743734e-02  2.560088473032852766e-02  7.632562767394119874e-01  7.653452546801418066e-01
1.609822067432477299e-02  1.578230121052979704e-02  2.198983346570457797e+00  5.177700204178108834e+00
2.102287917218289767e-02  2.116167301681076002e-02  3.056030278341495432e+00  3.621226393166580237e+00
2.062786755864824337e-02  2.069128636682786987e-02  3.212102082143246662e+00  2.679243522346951067e+00
1.878363025845267154e-02  1.883280726073499958e-02  1.967789297785202507e+00  2.328466894272423815e+00
2.284745226007606558e-02  2.240406774608997426e-02  1.118759057586430572e+00  1.144806793221505359e+00
2.415654242357946277e-02  2.344543368374703979e-02  2.269906457455363125e+00  2.620523971112561412e+00
2.534929572443600163e-02  2.522192100625210778e-02  3.771284870003000833e+00  4.060082398427766748e+00
2.405833990321157995e-02  2.391481626121070084e-02  2.641866605990799144e-01  2.373625492036808282e-01
1.932551112858124295e-02  1.979198209398741123e-02  5.585446014789340552e+00  2.404332677368074656e+00
2.253771308051776348e-02  2.258499212758273422e-02  3.402064759022323415e+00  4.756546939046529587e+00
2.093934791778459537e-02  2.116122056764822498e-02  2.839798791625071317e+00  5.068938494034227915e+00
2.053973483034809977e-02  2.098621637056352976e-02  6.655351296649314463e-02  7.977066814783029258e-02
2.049333668964757604e-02  2.096049697113250287e-02  1.659671624700422399e+00  1.820924879517406225e+00
1.778188712994675791e-02  1.797014856688975565e-02  6.123847942217253149e-02  7.829239331476856023e-02
1.923454901972151618e-02  1.919019836737604137e-02  5.413973739465291146e+00  2.802407476468943059e+00
2.261637235112814309e-02  2.119893756331125978e-02  3.006689042929792777e+00  3.736723277070268523e+00
2.446645904620765866e-02  2.434524569691009013e-02  1.504481715965084732e-01  2.589571980352047831e-01
2.441672580911446316e-02  2.395314992164472925e-02  1.126579818388563581e+00  1.334854334701958578e+00
2.083848031614665003e-02  2.084207698183219298e-02  2.478277577683911659e+00  8.639405838403035887e-01
2.569487502888436956e-02  2.560211853771091409e-02  3.889833641958830412e+00  4.117302041362563614e+00
2.363848357311194165e-02  2.356442083341366706e-02  2.506193228648044169e+00  1.688045111164683476e+00
2.342927380698721709e-02  2.430350700660666857e-02  5.789583744932315312e+00  6.201775335641286802e+00
2.449363504374500386e-02  2.450352268379547838e-02  2.728486417261592578e+00  2.508799405455647502e+00
2.278340211260946463e-02  2.228155792826498616e-02  2.379967649736499880e+00  3.129274670580343809e+00
2.232725377321527829e-02  2.214240927450910820e-02  3.936067894377629273e+00  4.712717505644832272e+00
1.980264899768496845e-02  2.056243822237112384e-02  1.810243515683396254e+00  2.325436711202200968e+00
3.119443260677233834e-02  3.037826702392863731e-02  1.904224528116174042e-01  1.768088644894305617e-01
2.197200326232102638e-02  1.990556463472903381e-02  5.678840348424273543e+00  4.887505994513048790e+00
2.460277058405426279e-02  2.370653580051990464e-02  2.727888658460869920e+00  1.980996233411133289e+00
2.083116920656451210e-02  2.105366779617825687e-02  3.574693730653962120e+00  4.139378876578120980e+00
2.437211978720688413e-02  2.473985659675742924e-02  6.411940367652277928e+00  6.140827304276172072e+00
1.779126106840290406e-02  1.882770784328878164e-02  5.889357653104525525e+00  3.473517146172525827e+00
2.595153340329393876e-02  2.616758189373894622e-02  4.224145224628955475e+00  3.835048780601937324e+00
2.132461433620638780e-02  2.177536603898957979e-02  1.892644720384851098e+00  1.563729141489602625e+00
2.275132186410534774e-02  2.143110426703346422e-02  7.422099053848796757e+00  6.377591272503195796e+00
2.017253120462328062e-02  2.111390264879588891e-02  2.120413473254302517e+00  3.729401314594724681e+00
2.154469788457868615e-02  2.147176636244397738e-02  3.244526544236578047e+00  3.098831014816823881e+00
1.980738551576539941e-02  2.037287673154760878e-02  8.546234896057285368e-01  1.153447244272683747e+00
2.012270788807946770e-02  2.101251522501556765e-02  2.721188356559650856e+00  3.558281027362681925e+00
2.502490423871604405e-02  2.494003013612412084e-02  1.907670585293089971e+00  1.748718218368594535e+00
2.203874399989217206e-02  2.218967389992534608e-02  3.200453991503309226e+00  2.223333773537888192e+00
