2.307210551350601102e-02  2.341300250994391915e-02  7.907377343071857467e-01  6.791211139643564820e-01
2.488207757198688738e-02  2.449288308192068900e-02  7.448295606722240336e+00  6.067929344131698599e+00
2.153778199714002917e-02  2.138742057286964829e-02  1.261463420494692400e+00  1.801760930582531728e+00
2.276049197679319569e-02  2.502135935462479824e-02  1.271258600259534433e+01  1.643270797805962502e+01
1.679162375153109982e-02  1.642745327366247968e-02  3.214141005184501410e+00  2.696170597249874845e+00
1.956833179826024047e-02  1.924296054849946799e-02  4.074613735021557659e+00  3.696121032466180623e+00
1.453422597453446138e-02  1.612872149045129627e-02  2.673611916601657867e+00  4.219942482290207408e+00
2.224629300763743961e-02  2.206524227260786911e-02  4.013691387575818226e+00  3.872153083764715120e+00
2.139574084923702782e-02  2.107168935809011073e-02  2.585121066855208483e+00  2.378778842554311268e+00
2.065089046398053615e-02  2.087097158411010608e-02  4.591977805524948053e+00  3.745189056397066452e+00
2.697851891026304197e-02  2.637019875333693197e-02  5.992099213588517159e+00  6.504189234357909299e+00
2.068125214971581680e-02  2.062840404638701178e-02  1.877766244826489128e+00  2.253170882817357779e+00
2.094144387214525588e-02  2.110602012469547581e-02  1.515342982587753795e+00  1.853549063860555179e+00
2.147002600464910718e-02  2.131669750457270904e-02  2.051419887524389196e+00  2.053335385979153216e+00
2.458776102049307563e-02  2.478166883546800009e-02  9.845043558452744037e-01  2.532228411582764238e-01
2.408528231513024781e-02  2.441856838972092728e-02  5.747745009721256793e-01  7.904161399055738002e-01
2.341790163470898814e-02  2.346759442340834792e-02  1.749582966804155149e+00  1.250280439810012467e+00
2.281349218635569595e-02  2.389425453805143346e-02  4.139499601740681101e+00  4.059887671573960688e+00
3.035336119130600460e-02  2.907186766583780627e-02  7.723107945319497958e+00  7.849523878699983470e+00
2.497639818112427218e-02  2.492806429983407748e-02  1.957462591555668041e+00  1.788350465561961755e+00
2.022960397695045681e-02  2.041504699077912460e-02  7.478960600274149328e-01  9.643109842290868983e-01
1.975105965322036111e-02  1.949159267649079944e-02  8.367691204111906700e+00  6.897875090173329227e+00
1.980003972576913074e-02  2.019363524099789670e-02  3.963931949474499561e+00  4.247692208078660769e+00
2.431604666610593171e-02  2.387053344424554593e-02  2.959282450712635182e+00  4.356953372007410508e+00
2.281884705154432064e-02  2.258138908054593483e-02  7.167348019938799553e-01  7.573187957314075902e-01
2.440002584474934913e-02  2.476265603785209740e-02  3.398521781949966680e+00  3.920721109483565670e+00
1.657116807994037794e-02  1.632304729192948778e-02  3.889159526152070612e+00  3.644335475895786658e+00
2.190016302285562738e-02  2.125874920777165097e-02  3.013803915426251478e+00  3.132696315857174341e+00
2.241599560935629565e-02  2.221751314327480298e-02  6.095409914269112051e-02  2.567153307609260082e-02
2.340343920349506612e-02  2.301660522180181551e-02  1.669030029923305847e+00  1.219331008425797336e+00
2.112825310879513571e-02  2.125747247380217406e-02  3.120308479265077040e-01  2.111422469897661358e-01
2.746340106458320870e-02  2.846972986487594434e-02  8.835595834458217723e+00  8.414779504237230867e+00
2.010893255098203380e-02  2.215822170344754899e-02  2.011756905834772624e+00  1.744141579678398557e+00
2.480352724010945545e-02  2.393246344722124025e-02  1.137618492485489696e+01  1.117659909855865408e+01
2.452914437083061894e-02  2.275823549555532760e-02  2.542058850340254139e+00  3.456631198947434314e+00
2.210481441400404326e-02  2.291916834525161220e-02  4.294740307181200478e+00  3.454557103570550680e+00
2.355694323758261710e-02  2.327953271864506568e-02  2.121495420622522943e+00  1.832357698978739791e+00
3.149108811113689177e-02  3.184078935357618351e-02  1.450135424674954265e-01  1.589378062926698476e-01
2.421233065411441260e-02  2.440608715958873451e-02  3.396127682499354705e-01  3.619450666883494705e-01
2.258594674928154564e-02  2.198984388760804459e-02  4.832407535082893446e+00  2.692792210036714096e+00
2.104964954862702589e-02  2.052429819757251028e-02  4.732605965429684147e+00  5.351192063593771309e+00
2.255495683489201764e-02  2.239089201232193765e-02  2.896959014862659387e+00  1.878910722887667362e+00
2.158644321461935731e-02  2.303367903238928704e-02  3.716132319263124373e+00  3.617179834007401951e+00
2.435382732657578181e-02  2.465755118840307070e-02  2.350157168242731132e+00  2.480455414639436640e+00
2.124543791969118328e-02  2.145092868155360974e-02  1.664405435833032243e+00  1.149357547241379507e+00
2.617282385690851421e-02  2.599489159148075240e-02  4.153706052959023509e+00  5.202691071761364583e+00
2.637869772434010135e-02  2.711138708483702003e-02  6.477522707686148351e+00  4.653052258836396504e+00
2.728658310927345801e-02  2.461724978578920531e-02  5.343764298610039987e+00  4.393056973800412379e+00
2.934556604774935656e-02  2.858805365122721320e-02  4.405436696288234089e+00  3.558445941700483672e+00
2.597935612312811740e-02  2.564832888870408403e-02  6.214238384563941509e-02  6.585864388762274757e-02
2.919982325418599492e-02  2.866170729699758085e-02  3.994295750635501463e+00  4.507661113751964876e+00
2.637132354008736926e-02  2.746643065999901032e-02  9.353157545585418120e+00  5.319581293770170305e+00
2.976416379027506734e-02  2.912715866662327069e-02  7.582205576080013998e+00  6.402096211575553752e+00
2.223295044034609771e-02  2.304307078022612559e-02  1.431849058601073921e+00  1.902887887765245978e+00
2.376059379406078934e-02  2.309144382539156728e-02  8.006376132543664426e-01  2.557337701291544363e-01
2.407128273862256182e-02  2.349721833827320486e-02  3.650070893534575589e+00  4.801955898205051199e+00
2.069586403351122983e-02  2.031856163781850522e-02  3.577781457832315937e+00  2.981249499338446185e+00
2.615385439206369816e-02  2.608761444400659393e-02  1.779797065995808225e+00  3.561758451236528344e+00
2.323553635624191205e-02  2.330737845984533554e-02  2.351767783169634640e+00  4.097948688329779543e+00
1.902942475252920873e-02  1.567416778689857335e-02  6.361312850349349901e-01  6.543230557217611931e-01
2.058942719375537675e-02  2.117100140164463254e-02  2.549265524714428466e+00  2.523767687089275569e+00
2.493806128686838416e-02  2.486648342314040291e-02  2.555166070545965340e+00  2.241703484345634934e+00
3.018867923096570441e-02  3.034278770380084700e-02  2.784311201801756397e+00  2.349664043154916726e+00
1.912890951457798042e-02  1.898838669106280366e-02  2.397303410223685205e+00  2.020371002508909442e+00
2.530123127439265832e-02  2.543135652610688247e-02  4.096586071464116685e+00  3.975943130135419779e+00
2.414933897027669515e-02  2.448546153731798181e-02  2.831075622292701155e+00  2.359324321019812487e+00
2.367224606118881192e-02  2.277950818001200917e-02  1.626043668293277733e+00  3.441947851068107411e+00
2.897420795977857094e-02  2.977258830965401337e-02  3.130956945267826086e+00  3.656123566681344528e+00
2.513311464010743734e-02  2.560088473032852766e-02  7.632562767394119874e-01  7.653452546801418066e-01
2.088361884950684644e-02  2.072761585043654542e-02  1.152130877846502699e+00  1.568588769740017597e+00
1.609822067432477299e-02  1.578230121052979704e-02  2.198983346570457797e+00  5.177700204178108834e+00
2.102287917218289767e-02  2.116167301681076002e-02  3.056030278341495432e+00  3.621226393166580237e+00
2.244090663449581358e-02  2.242555781651678001e-02  4.393321956958970986e+00  4.889383487985469401e+00
2.062786755864824337e-02  2.069128636682786987e-02  3.212102082143246662e+00  2.679243522346951067e+00
2.529616435902111091e-02  2.513826071527710745e-02  3.407673192341462709e+00  7.343374497540935408e+00
1.878363025845267154e-02  1.883280726073499958e-02  1.967789297785202507e+00  2.328466894272423815e+00
2.629014034192894353e-02  2.599516310446099709e-02  5.520040712057380006e+00  6.439613847571308725e+00
2.446962123902654204e-02  2.444207857810531612e-02  9.466351973242126405e-02  1.124590585386613384e-01
2.139216159220212396e-02  2.259586438000680403e-02  3.849874947351054288e+00  3.867980299830378499e+00
2.118353550441046812e-02  2.319742116795596096e-02  4.466409251916047651e+00  4.144238510656578001e+00
2.885291030820434297e-02  2.788983343728393405e-02  3.509331850222224602e+00  1.719830863818060607e+00
2.291429371655924127e-02  2.312835477371806558e-02  9.587552464217878878e-01  7.858526592754060403e-01
2.281720599784916800e-02  2.281665804060573760e-02  3.621319568483158946e-01  2.438309185381513089e-01
2.848535037978350282e-02  2.887854326525910592e-02  2.703062044012767728e+00  1.837877936253789812e+00
2.284745226007606558e-02  2.240406774608997426e-02  1.118759057586430572e+00  1.144806793221505359e+00
2.415654242357946277e-02  2.344543368374703979e-02  2.269906457455363125e+00  2.620523971112561412e+00
2.431343621696937032e-02  2.428894319062159871e-02  8.608882132029975764e-01  1.067286375662661158e+00
2.534929572443600163e-02  2.522192100625210778e-02  3.771284870003000833e+00  4.060082398427766748e+00
2.923260244562075200e-02  2.846296432570866175e-02  3.239532873820280656e+00  3.115379020644468255e+00
2.405833990321157995e-02  2.391481626121070084e-02  2.641866605990799144e-01  2.373625492036808282e-01
2.401160031107890669e-02  2.467179905515955521e-02  6.016416780992585700e+00  6.501870754756964743e+00
1.932551112858124295e-02  1.979198209398741123e-02  5.585446014789340552e+00  2.404332677368074656e+00
1.631766838248920048e-02  1.582946070865354563e-02  5.622913081395381596e+00  4.749606916957418434e+00
2.418622271846599878e-02  2.387545919725472809e-02  7.184525934084376786e+00  8.377727028666413389e+00
2.253771308051776348e-02  2.258499212758273422e-02  3.402064759022323415e+00  4.756546939046529587e+00
2.093934791778459537e-02  2.116122056764822498e-02  2.839798791625071317e+00  5.068938494034227915e+00
2.053973483034809977e-02  2.098621637056352976e-02  6.655351296649314463e-02  7.977066814783029258e-02
2.614624053107441129e-02  2.768383454274231728e-02  2.452054931687598582e+00  4.700792781812197063e+00
2.049333668964757604e-02  2.096049697113250287e-02  1.659671624700422399e+00  1.820924879517406225e+00
1.909592950056725885e-02  1.913632072545427831e-02  3.315936886428971775e-01  3.453715164505410939e-01
1.624464578023126354e-02  1.649164300434029576e-02  3.397291700042842422e+00  3.303371251648059115e+00
2.312892678366536628e-02  2.378429480141761379e-02  4.635036531915829983e+00  5.922090394626138732e+00
2.019081732276034255e-02  2.037072594484090268e-02  1.998172634543152526e+00  2.868289094767533243e+00
2.032376790589428620e-02  1.971678212009385367e-02  9.869853660347871482e-01  1.102948957530315965e+00
2.171140933331596259e-02  2.189031819241861118e-02  3.143855510686989874e+00  2.478512635949300602e+00
1.560399507786301362e-02  1.653047214898632072e-02  2.950212931769783609e+00  2.118695529265096411e+00
2.336581558104743050e-02  2.354997553518172609e-02  6.532208693824941292e-01  6.671828691760310903e-01
1.778188712994675791e-02  1.797014856688975565e-02  6.123847942217253149e-02  7.829239331476856023e-02
1.923454901972151618e-02  1.919019836737604137e-02  5.413973739465291146e+00  2.802407476468943059e+00
1.802642677279185299e-02  1.785906351482577370e-02  1.550951458484632894e-01  1.225454388913931325e-01
1.787688640056040584e-02  1.789273391944845581e-02  2.997163202540832572e+00  1.898290767974685878e+00
2.261637235112814309e-02  2.119893756331125978e-02  3.006689042929792777e+00  3.736723277070268523e+00
2.484101717022894895e-02  2.442095536491014837e-02  6.154782504898321349e+00  4.361071036335488316e+00
1.842198572438831505e-02  1.878026470730506658e-02  2.298727612360380590e-01  1.477760711422888562e-01
2.067796580848835913e-02  2.080762895801961665e-02  2.117683230026159436e-01  2.078042789362370968e-01
2.446645904620765866e-02  2.434524569691009013e-02  1.504481715965084732e-01  2.589571980352047831e-01
2.441672580911446316e-02  2.395314992164472925e-02  1.126579818388563581e+00  1.334854334701958578e+00
1.676236172011342715e-02  1.688976791900946919e-02  4.115887945299618877e-01  6.588310928345890716e-01
2.689234745261823156e-02  2.632086816809802582e-02  4.296134692762279883e+00  4.205812489541131072e+00
2.083848031614665003e-02  2.084207698183219298e-02  2.478277577683911659e+00  8.639405838403035887e-01
2.569487502888436956e-02  2.560211853771091409e-02  3.889833641958830412e+00  4.117302041362563614e+00
2.010134661351544588e-02  2.012170380844160653e-02  3.894879167055478320e-01  8.441734247753629461e-01
2.363848357311194165e-02  2.356442083341366706e-02  2.506193228648044169e+00  1.688045111164683476e+00
2.831602797472272670e-02  2.828899499713100757e-02  4.052450278722972143e+00  5.144574712270696182e+00
2.899683888248107827e-02  2.853882128861165088e-02  2.483248219214146957e+00  1.966857873754634056e+00
2.342927380698721709e-02  2.430350700660666857e-02  5.789583744932315312e+00  6.201775335641286802e+00
2.395634533612059358e-02  2.336407428050298746e-02  3.956975192471873015e+00  2.623249814932933077e+00
2.449363504374500386e-02  2.450352268379547838e-02  2.728486417261592578e+00  2.508799405455647502e+00
2.342388614446557632e-02  2.298605300285791811e-02  6.326533298597496469e+00  5.259246343201084528e+00
2.113868701593308100e-02  2.236477073330236584e-02  3.892032278279657476e+00  2.675912753780721687e+00
2.225127977334141402e-02  2.293133189779111500e-02  4.927326707987958798e+00  6.931309455183509272e+00
2.274081290149500625e-02  2.292548121597542260e-02  6.103524576028576121e-01  5.865121224633185193e-01
2.279773483123335998e-02  2.312336299898559017e-02  2.164619794784812257e+00  1.865435172236175276e+00
2.457264830583934939e-02  2.481832052754086304e-02  1.018304366902157199e+00  1.265635881398338825e+00
2.037787048028763884e-02  2.055461335296013964e-02  4.677351799291500356e+00  5.376393842700053938e+00
2.308885098752697096e-02  2.297310916328254224e-02  1.975013390398089541e+00  1.942595369255286641e+00
2.198375585331919721e-02  2.202427981221557335e-02  1.151301653575501405e+00  1.191891596856294200e+00
1.856473805933962079e-02  1.859210262509709832e-02  5.409559790132334456e-01  7.563981156854424626e-01
2.545009332382648648e-02  2.487342314087062287e-02  3.243086422342457809e+00  3.463211704969580751e+00
2.083511656887290786e-02  2.151130817138137072e-02  9.667325043119490147e-02  1.242769393138587475e-01
2.040523008408122799e-02  2.031876302495709205e-02  2.061668648253544234e+00  2.464434597379295155e+00
2.278340211260946463e-02  2.228155792826498616e-02  2.379967649736499880e+00  3.129274670580343809e+00
2.165449953054513280e-02  2.193311740601361359e-02  2.577538858342450112e+00  2.021817151442519389e+00
2.232725377321527829e-02  2.214240927450910820e-02  3.936067894377629273e+00  4.712717505644832272e+00
2.172052000600586258e-02  2.062966090402256272e-02  2.476810905282036401e+00  2.126674755098065361e+00
2.610118976506892868e-02  2.630280937025021235e-02  1.413140631186251994e+00  9.238652258645743132e-01
2.194140910556593646e-02  2.145683451942213132e-02  2.220140860779793002e+00  1.246688132632698398e+00
2.214183786288122929e-02  2.184399188925389632e-02  7.341086716041900218e-02  7.844265093444846570e-02
2.598571772821624618e-02  2.613870772853851138e-02  9.455690546776168048e+00  1.088744123256765306e+01
2.554389741157359409e-02  2.373529877170438285e-02  6.143307742036995478e+00  3.609030780680768657e+00
2.036278981445117583e-02  1.990330399117799104e-02  8.634844027401413769e-01  7.910398267413256690e-01
3.113557374341182488e-02  3.048633942467689206e-02  3.419771037668397184e+00  4.429487149565829895e+00
2.162741038249679434e-02  2.154163222344963186e-02  1.634299472498241812e-01  2.850859216268872842e-01
2.456335021610406982e-02  2.513476276756407279e-02  2.279334665363421664e+00  2.464728200240642764e+00
2.044067864010251645e-02  2.113670070305301990e-02  2.813906621697242372e+00  3.661861314401903655e+00
1.980264899768496845e-02  2.056243822237112384e-02  1.810243515683396254e+00  2.325436711202200968e+00
1.960222655661838370e-02  1.959425390113533894e-02  2.311197845323476940e+00  1.877295046870131046e+00
2.727517615396190739e-02  2.868089742932161332e-02  5.172338933774881298e+00  4.786867508672003169e+00
1.990918720107705611e-02  2.057572415260942519e-02  1.499628206547640730e+00  1.744393485743785277e+00
2.054637696208926403e-02  2.061662514161411580e-02  3.617523481312673539e+00  7.739999338664347306e+00
1.920305744324103323e-02  1.937326262408087599e-02  5.747695202007889748e-01  4.080387267749756575e-01
3.119443260677233834e-02  3.037826702392863731e-02  1.904224528116174042e-01  1.768088644894305617e-01
2.819183181581276509e-02  2.822683354515897330e-02  6.833962741038703825e+00  3.517456684086937457e+00
2.537439330601980875e-02  2.561981443587635701e-02  5.536061275313841179e+00  4.829759368025406729e+00
2.125944216939779779e-02  2.175248210208450064e-02  5.832497810813947581e+00  8.233370768310123822e+00
1.871185099376108940e-02  1.879606425444175014e-02  7.825711482437327504e-01  7.191701082629151642e-01
2.684413045821247568e-02  2.467800361448577173e-02  5.131025168506312184e+00  4.612117533120908774e+00
2.197200326232102638e-02  1.990556463472903381e-02  5.678840348424273543e+00  4.887505994513048790e+00
2.460277058405426279e-02  2.370653580051990464e-02  2.727888658460869920e+00  1.980996233411133289e+00
1.952827230716209020e-02  1.974270957942986932e-02  2.136123276402940974e+00  5.489794230321422219e+00
2.207018377228222444e-02  2.208780015115496820e-02  4.339867250106181018e+00  3.486262306410935707e+00
2.083116920656451210e-02  2.105366779617825687e-02  3.574693730653962120e+00  4.139378876578120980e+00
2.952523041793652867e-02  2.979397944970022319e-02  4.493244466255418956e+00  5.286581013722752687e+00
2.778834002899244551e-02  2.841946363560861333e-02  1.320779372093966231e+00  1.663852219789987430e+00
2.567599253853508623e-02  2.710770962189482103e-02  4.538170758212800138e+00  5.090850988781312481e+00
2.151639651107908890e-02  2.217425422304009075e-02  2.410684092363226227e+00  5.485233502389746718e+00
2.437211978720688413e-02  2.473985659675742924e-02  6.411940367652277928e+00  6.140827304276172072e+00
2.608776527770860151e-02  2.494009268707871388e-02  7.205813693719392177e+00  6.192681824104511179e+00
2.188041241226096334e-02  2.209450950136677971e-02  2.379406720552651677e+00  2.848732099482731428e+00
2.055157614143086550e-02  2.058289007249887795e-02  1.869208865544351283e+00  1.345665277112857439e+00
1.779126106840290406e-02  1.882770784328878164e-02  5.889357653104525525e+00  3.473517146172525827e+00
2.558772899425690306e-02  2.602738303379735496e-02  2.976259514489356661e+00  2.334656119448482059e+00
1.569073781481692201e-02  1.579094744681646192e-02  2.569133879384025931e+00  2.819128466697293334e+00
2.506276906347417940e-02  2.499415820578592892e-02  3.036171119332720991e+00  1.495218939744518138e+00
2.323790385552166118e-02  2.482925453029808868e-02  5.099424765823641792e+00  6.124454344666446559e+00
1.621558642138422324e-02  1.502622713081941744e-02  1.473673512737150304e+00  4.642478723435488064e+00
2.695806413912850766e-02  2.699275356522263039e-02  3.586291172308847308e+00  4.518917940615210682e+00
2.732660365259127408e-02  2.736983346909764928e-02  1.092414238781202585e+00  1.433417684027517680e+00
2.496719382944974711e-02  2.513024142960641055e-02  7.125786906908615492e-01  6.169530948827741668e-01
1.965471856770797249e-02  1.897591712250512597e-02  3.425749054207699373e+00  3.910181989369448274e+00
1.850160105927926152e-02  1.768388188198087227e-02  1.401159611734328791e+00  1.382201999054814223e+00
3.036182544323660221e-02  2.991456708841238807e-02  1.367377531205420382e+00  1.281502400684985332e+00
2.606106080236775605e-02  2.642518354253725957e-02  2.995469692235928960e+00  3.281644982478610473e+00
2.199758942744721446e-02  2.033959554709827491e-02  4.736328577644599136e+00  3.429511207796167582e+00
2.367514262215826906e-02  2.333829155553564585e-02  3.997983407440187875e+00  3.420550092458142899e+00
2.374342949526773300e-02  2.401443990766700259e-02  6.101961541193304583e+00  6.782677319126378279e+00
3.023237611081447049e-02  3.132362421923379214e-02  3.532940975928795524e+00  2.118733538634842262e+00
1.739567544195194659e-02  1.650609870530558854e-02  4.682409702720178757e+00  3.285493817842507269e+00
2.207117767060880198e-02  2.182951624039838542e-02  1.948187687099562027e+00  2.243396869598655030e+00
1.842574564794177694e-02  1.881363235868747236e-02  5.977326455904403701e-01  5.841601862630341202e-01
1.798864619584409838e-02  1.829312301315975595e-02  3.461883576426771469e+00  4.222230050290818326e+00
2.595153340329393876e-02  2.616758189373894622e-02  4.224145224628955475e+00  3.835048780601937324e+00
2.279235812266834638e-02  2.262608282502809667e-02  1.143930130769149400e+00  8.419237327907467261e-01
2.719781827763462223e-02  2.704627138374212508e-02  1.429920923124882393e+00  1.361210655057220720e+00
1.685164033191429572e-02  1.730664073176219064e-02  2.747616095992270857e+00  4.503741986882232595e+00
2.002015601399019518e-02  1.979386890288655290e-02  9.200540332240052521e-01  1.875914214047952555e+00
1.905208979893619273e-02  1.928736021807248707e-02  5.007075629910104908e+00  5.709253635242930613e+00
2.216067726226052595e-02  2.254578410374618799e-02  2.479010438808472827e+00  2.874937668428174220e+00
2.132461433620638780e-02  2.177536603898957979e-02  1.892644720384851098e+00  1.563729141489602625e+00
1.886200042947266259e-02  1.991690384653826973e-02  2.463060002519341651e+00  2.291960734255553689e+00
2.017106574967312063e-02  2.012741690937542433e-02  2.135275276828906499e+00  2.664948658006323967e+00
2.576335075082011178e-02  2.590082242438834781e-02  2.712885810236912221e+00  2.915357023994147312e+00
2.018982295000044253e-02  1.974481372856960043e-02  2.760800089214171749e+00  1.558004695405543316e+00
1.859879992966438633e-02  1.806575711034278178e-02  2.578592966638098005e+00  3.013245871603430714e+00
2.598969907629723741e-02  2.595622012840059431e-02  1.805974698065256234e+00  2.347960531253193039e+00
2.615432607940136947e-02  2.584536147264908726e-02  3.661649943540396634e+00  3.510124128253664821e+00
2.294777638833317077e-02  2.279778701407817951e-02  2.805031005773344077e+00  2.382837858720449731e+00
1.869632058996172075e-02  1.755948321497596484e-02  1.510874065679672640e+00  1.777028416676330380e+00
2.054629435381640293e-02  2.135777412172716952e-02  2.403063121542800218e+00  3.093695762057905085e+00
2.399121050190249765e-02  2.515532006051578173e-02  2.149894079120713286e+00  4.067794982664054260e+00
2.372393027350911190e-02  2.319240941984649848e-02  4.377557456311478745e+00  3.970002770638529910e+00
2.275132186410534774e-02  2.143110426703346422e-02  7.422099053848796757e+00  6.377591272503195796e+00
1.889530857158553540e-02  1.913421149376053759e-02  2.788807476914371364e+00  4.053644519866793416e+00
2.259751188120037030e-02  2.231692790453781994e-02  7.735995376424398273e-02  7.275807423866353929e-02
2.041917328265826018e-02  2.008522049068628412e-02  5.092578999552642927e+00  4.139598027879401343e+00
2.303232471441982523e-02  2.208446181570858716e-02  3.494029517212766223e+00  3.786468694655923173e+00
1.847121604538523240e-02  1.758874182680899428e-02  1.807429603533819318e+00  2.777699379425030202e+00
2.155070556529377693e-02  2.143696386316872385e-02  1.797707553836517036e+00  1.547896222269628197e+00
2.017253120462328062e-02  2.111390264879588891e-02  2.120413473254302517e+00  3.729401314594724681e+00
2.271916403914021540e-02  2.349038432397280302e-02  8.212578711900277995e-01  1.033800782926846296e+00
2.017146408698836102e-02  2.001288375859423124e-02  5.456077566923340783e-01  6.453086532128509134e-01
2.013354925273751553e-02  1.983885804990653465e-02  3.655316389784275088e+00  3.023355655772320461e+00
2.154469788457868615e-02  2.147176636244397738e-02  3.244526544236578047e+00  3.098831014816823881e+00
2.575009699947997804e-02  2.661433621810638597e-02  2.725883222883567214e+00  2.288896700010809582e+00
2.349608298086518568e-02  2.368360191516908145e-02  1.486745276124565862e+00  1.137537541537312791e+00
1.980738551576539941e-02  2.037287673154760878e-02  8.546234896057285368e-01  1.153447244272683747e+00
2.834501267628246335e-02  2.796435320794528681e-02  2.133154011840815656e+00  3.981620962382294238e+00
2.147859552120709795e-02  2.563528981988389202e-02  3.605798967109876685e+00  4.443843027889670338e+00
2.506850527641302229e-02  2.453801771708029322e-02  3.209003347881662194e+00  3.151606476661982015e+00
2.290548118167910763e-02  2.279112233243164518e-02  2.703304375827428885e+00  2.269449959851044696e+00
2.493216983147021962e-02  2.466593511713185624e-02  1.271383417661127169e+00  7.496074025402776897e-01
2.092371842045735383e-02  2.107016731978877955e-02  2.370443267871451098e+00  1.700281423145497683e+00
2.630851816886637870e-02  2.670368961394326349e-02  5.262262208518222906e+00  4.868012976010504644e+00
2.260875313963263411e-02  2.269223294749570657e-02  1.063984345222706906e+00  1.403365622172714211e+00
2.323652042409799640e-02  2.348132337485752882e-02  1.929488718276843429e+00  1.734123045687738340e+00
2.012270788807946770e-02  2.101251522501556765e-02  2.721188356559650856e+00  3.558281027362681925e+00
2.070796481934325875e-02  2.025974244511927896e-02  2.446234802162507549e+00  1.815827128200908192e+00
2.350135310967689864e-02  2.267450114123823954e-02  1.689031379311927594e+00  2.557817507542495150e+00
2.702360041762996018e-02  2.687099814043058393e-02  1.894170683357515372e+00  1.931720931112067774e+00
2.390433550761539294e-02  2.424474221105978738e-02  1.767696324444841594e+00  2.355457127734553069e+00
2.700940435044177357e-02  2.642845562281530281e-02  5.091466821795620490e+00  5.743820407838938991e+00
2.380464426706618147e-02  2.368298749155828276e-02  3.747719622668228112e+00  5.024459424093947746e+00
2.319571040797005837e-02  2.189421348432827458e-02  3.015750690246932209e+00  4.736755812569754198e+00
2.601023930274145787e-02  2.572901787354788319e-02  1.828797448644763790e+00  2.518496249038435053e+00
2.483082558768180681e-02  2.471349541580371637e-02  3.025890469267324079e+00  3.414922418822243344e+00
2.977160129441673922e-02  2.986735131520851586e-02  3.227252038886945229e+00  3.356797156957327388e+00
2.116672707695994166e-02  2.060052395818487425e-02  2.738604147249134257e+00  5.065990207105642185e+00
2.349272696208836581e-02  2.241133493920235281e-02  3.655984668621385936e+00  3.418078099231934175e+00
2.563502390774460502e-02  2.565496423301310419e-02  2.831157600732694846e+00  3.221062752920261119e+00
2.020158546221190524e-02  2.209164018182212946e-02  6.185040457043214701e+00  7.403226296104548965e+00
1.983898406494611147e-02  1.990389086531421658e-02  2.938583780924091116e-01  3.814084905898198485e-01
1.992484750900454585e-02  2.033392150150306263e-02  3.642478448011388537e+00  4.406744528299896047e+00
1.885258164065697906e-02  1.884336568002184173e-02  3.735342016007052734e-01  2.600894819479435682e-01
2.256652528810544275e-02  2.311180285531389683e-02  2.327711387042654678e-01  4.294753444264642894e-01
2.502490423871604405e-02  2.494003013612412084e-02  1.907670585293089971e+00  1.748718218368594535e+00
2.356019815030389528e-02  2.344607957704079176e-02  4.463275260117370635e+00  2.307027429669687990e+00
1.591241995386010952e-02  1.573445808391124232e-02  1.639643952759797685e+00  1.843530906982778106e+00
2.252717644701073690e-02  2.181362440860214538e-02  3.525076563477341551e+00  3.033790623187087476e+00
2.237773082383117534e-02  2.282393216697808230e-02  1.244323480044840835e+00  1.359534770483151078e+00
2.203874399989217206e-02  2.218967389992534608e-02  3.200453991503309226e+00  2.223333773537888192e+00
1.957294818441997902e-02  1.971837975609750174e-02  1.658896719207405113e+00  1.550091268785763532e+00
2.592467272784549498e-02  2.579803532203425037e-02  1.826777652335294988e+00  2.179538852200494148e+00
2.134158131896778457e-02  2.137526193328004309e-02  1.884588328641257249e+00  2.956665030724252574e+00
2.773007315454424290e-02  2.744698822977883340e-02  2.615069187289918773e+00  3.220286192859930452e+00
2.272350285193291616e-02  2.290009950001502953e-02  3.902571138554776553e+00  3.828236019297037274e+00
1.853124562176606052e-02  1.655844763536431022e-02  4.843910322088049725e+00  3.283531583030708134e+00
2.162051755142967852e-02  2.170655177487838816e-02  1.022828520697657950e+00  1.736953618354164064e+00
2.267522574091961410e-02  2.420838012972030204e-02  1.811471308887121268e+00  2.354605034706764854e+00
2.613641945098502811e-02  2.623672998776037726e-02  4.904275206208694726e-01  5.528753610706189647e-01
2.028791795180006144e-02  1.984767740553305612e-02  2.654162228427594528e+00  1.278575693213497289e+00
2.304974430949571426e-02  2.291081931406253186e-02  1.873415359281352721e+00  2.085734461652464233e+00
2.423215055912226676e-02  2.413049675970878327e-02  2.300997538230149075e+00  1.508467006278806366e+00
2.553930231806672904e-02  2.526787961400055876e-02  1.560716685125953518e+00  1.231335777672939003e+00
2.226232270389261192e-02  2.274802612200290883e-02  1.425795549163012765e+00  2.472305114351911470e+00
2.530056470116296211e-02  2.517338316324834596e-02  1.438425922664464451e+00  1.924507715120853391e+00
2.324062749159515329e-02  2.331715504765045563e-02  6.548065172682981938e-02  6.896160474570933729e-02
