1.110000000000000000e+02  -1.743408775329589844e+01  2.017990493774414062e+01  -4.050801277160644531e+00  3.202520000000000000e+05  5.184773828125000000e+04  7.415690625000000000e+04  4.470510156250000000e+04
1.090000000000000000e+02  8.727997779846191406e+00  -2.835091590881347656e+01  2.039883041381835938e+01  3.053200000000000000e+05  5.062934765625000000e+04  7.244908593750000000e+04  4.367422656250000000e+04
1.080000000000000000e+02  -3.000384807586669922e+00  -4.358286666870117188e+01  4.571920394897460938e+01  3.026190000000000000e+05  4.992148437500000000e+04  7.143821875000000000e+04  4.306357031250000000e+04
1.070000000000000000e+02  -1.446587181091308594e+01  -4.521073532104492188e+01  6.096611022949218750e+01  3.069150000000000000e+05  4.922341796875000000e+04  7.043827343750000000e+04  4.246610546875000000e+04
1.060000000000000000e+02  -2.435504341125488281e+01  -4.136735916137695312e+01  6.329537582397460938e+01  3.043450000000000000e+05  4.853387890625000000e+04  6.945169531250000000e+04  4.187938671875000000e+04
1.050000000000000000e+02  -3.174032211303710938e+01  -3.198719596862792969e+01  5.733919525146484375e+01  2.923090000000000000e+05  4.785439062500000000e+04  6.847917187500000000e+04  4.130259765625000000e+04
1.040000000000000000e+02  -3.553490829467773438e+01  -7.369093418121337891e+00  3.732101440429687500e+01  2.970110000000000000e+05  4.718561718750000000e+04  6.751503906250000000e+04  4.073930468750000000e+04
1.030000000000000000e+02  -2.215694808959960938e+01  1.857610130310058594e+01  -8.213796615600585938e+00  2.956930000000000000e+05  4.652183593750000000e+04  6.656224218750000000e+04  4.019396484375000000e+04
1.020000000000000000e+02  1.982063865661621094e+01  2.859179878234863281e+01  -4.574469375610351562e+01  2.897240000000000000e+05  4.585633984375000000e+04  6.563022656250000000e+04  3.965632031250000000e+04
1.010000000000000000e+02  6.012273025512695312e+01  2.084704399108886719e+01  -6.758245849609375000e+01  2.844360000000000000e+05  4.520116015625000000e+04  6.471890234375000000e+04  3.912082031250000000e+04
1.000000000000000000e+02  1.044398880004882812e+02  6.661281585693359375e+00  -8.360049438476562500e+01  2.631780000000000000e+05  4.434451953125000000e+04  6.352549609375000000e+04  3.841573046875000000e+04
9.900000000000000000e+01  1.317966766357421875e+02  -6.234048843383789062e+00  -8.987998962402343750e+01  2.590540000000000000e+05  4.371513281250000000e+04  6.264746093750000000e+04  3.789413671875000000e+04
9.800000000000000000e+01  1.543080749511718750e+02  -1.826017761230468750e+01  -9.276210784912109375e+01  2.647310000000000000e+05  4.309622265625000000e+04  6.178292968750000000e+04  3.738077734375000000e+04
9.700000000000000000e+01  1.741105804443359375e+02  -2.916968727111816406e+01  -9.790029907226562500e+01  2.601850000000000000e+05  4.248780859375000000e+04  6.092991406250000000e+04  3.687613671875000000e+04
9.600000000000000000e+01  1.986326141357421875e+02  -4.567736053466796875e+01  -1.031133804321289062e+02  2.552940000000000000e+05  4.168939453125000000e+04  5.981350390625000000e+04  3.621654296875000000e+04
9.500000000000000000e+01  2.139910736083984375e+02  -5.885105133056640625e+01  -1.030121917724609375e+02  2.519980000000000000e+05  4.110146484375000000e+04  5.899171875000000000e+04  3.572806250000000000e+04
9.400000000000000000e+01  2.260015716552734375e+02  -7.441156005859375000e+01  -1.011197891235351562e+02  2.474960000000000000e+05  4.033500781250000000e+04  5.791414453125000000e+04  3.508890234375000000e+04
9.300000000000000000e+01  2.315863189697265625e+02  -8.506852722167968750e+01  -1.007568283081054688e+02  2.612730000000000000e+05  3.977148046875000000e+04  5.711936718750000000e+04  3.462000390625000000e+04
9.200000000000000000e+01  2.382325897216796875e+02  -1.017615585327148438e+02  -9.989039611816406250e+01  2.548630000000000000e+05  3.903189453125000000e+04  5.607906640625000000e+04  3.400564062500000000e+04
9.100000000000000000e+01  2.436237335205078125e+02  -1.134585494995117188e+02  -9.637623596191406250e+01  2.526990000000000000e+05  3.848714062500000000e+04  5.531282421875000000e+04  3.355259375000000000e+04
9.000000000000000000e+01  2.483941802978515625e+02  -1.269901885986328125e+02  -9.135717773437500000e+01  2.598220000000000000e+05  3.777307031250000000e+04  5.430715234375000000e+04  3.295857812500000000e+04
8.900000000000000000e+01  2.543751525878906250e+02  -1.370151214599609375e+02  -8.821557617187500000e+01  2.819220000000000000e+05  3.706919531250000000e+04  5.332018359375000000e+04  3.237841015625000000e+04
8.800000000000000000e+01  2.605615234375000000e+02  -1.458980712890625000e+02  -8.460898590087890625e+01  2.513770000000000000e+05  3.637738281250000000e+04  5.235201953125000000e+04  3.180976367187500000e+04
8.700000000000000000e+01  2.645446777343750000e+02  -1.508083190917968750e+02  -8.080338287353515625e+01  1.756400000000000000e+05  3.586866015625000000e+04  5.163721093750000000e+04  3.138971484375000000e+04
8.500000000000000000e+01  2.730320434570312500e+02  -1.597060089111328125e+02  -7.562477874755859375e+01  1.621860000000000000e+05  3.503499218750000000e+04  5.046907421875000000e+04  3.070617968750000000e+04
8.400000000000000000e+01  2.790299377441406250e+02  -1.659170532226562500e+02  -7.512417602539062500e+01  2.627490000000000000e+05  3.438274609375000000e+04  4.955617578125000000e+04  3.017472265625000000e+04
8.300000000000000000e+01  2.796712341308593750e+02  -1.764815826416015625e+02  -7.540226745605468750e+01  2.559020000000000000e+05  3.374504687500000000e+04  4.866181250000000000e+04  2.965367382812500000e+04
8.200000000000000000e+01  2.852901916503906250e+02  -1.798915557861328125e+02  -7.373181152343750000e+01  2.514470000000000000e+05  3.311411328125000000e+04  4.778182812500000000e+04  2.914388476562500000e+04
8.100000000000000000e+01  2.939527893066406250e+02  -1.789083099365234375e+02  -7.304975891113281250e+01  2.477540000000000000e+05  3.249480664062500000e+04  4.691839843750000000e+04  2.864190625000000000e+04
8.000000000000000000e+01  3.041383972167968750e+02  -1.770397491455078125e+02  -7.016604614257812500e+01  2.418790000000000000e+05  3.173388867187500000e+04  4.585726953125000000e+04  2.802244335937500000e+04
7.900000000000000000e+01  3.091006774902343750e+02  -1.757899322509765625e+02  -6.630248260498046875e+01  2.397950000000000000e+05  3.114125000000000000e+04  4.502873437500000000e+04  2.753470507812500000e+04
7.800000000000000000e+01  3.111620788574218750e+02  -1.629506530761718750e+02  -5.610586166381835938e+01  2.335820000000000000e+05  3.042044726562500000e+04  4.400628125000000000e+04  2.693168554687500000e+04
7.700000000000000000e+01  3.159831542968750000e+02  -1.421947631835937500e+02  -4.989925765991210938e+01  2.270710000000000000e+05  2.971277539062500000e+04  4.299925390625000000e+04  2.634127734375000000e+04
7.600000000000000000e+01  3.199811401367187500e+02  -1.205161056518554688e+02  -4.479418945312500000e+01  2.190050000000000000e+05  2.902058203125000000e+04  4.201482812500000000e+04  2.576240820312500000e+04
7.500000000000000000e+01  3.241583557128906250e+02  -1.015501785278320312e+02  -4.117493820190429688e+01  2.114300000000000000e+05  2.834207421875000000e+04  4.105432421875000000e+04  2.519571093750000000e+04
7.400000000000000000e+01  3.248784179687500000e+02  -8.559722900390625000e+01  -3.373207855224609375e+01  2.052790000000000000e+05  2.768354882812500000e+04  4.012034765625000000e+04  2.464024609375000000e+04
7.300000000000000000e+01  3.161081542968750000e+02  -7.148771667480468750e+01  -2.957987594604492188e+01  1.972480000000000000e+05  2.692031835937500000e+04  3.903066796875000000e+04  2.399017773437500000e+04
7.200000000000000000e+01  3.070182495117187500e+02  -6.466039276123046875e+01  -2.545966529846191406e+01  1.875640000000000000e+05  2.630180468750000000e+04  3.814917187500000000e+04  2.346156054687500000e+04
7.100000000000000000e+01  2.997820434570312500e+02  -4.927774429321289062e+01  -2.218368148803710938e+01  1.768990000000000000e+05  2.557872265625000000e+04  3.711547656250000000e+04  2.284156054687500000e+04
7.000000000000000000e+01  2.916604309082031250e+02  -3.160885047912597656e+01  -2.015064239501953125e+01  1.679650000000000000e+05  2.487645898437500000e+04  3.610726562500000000e+04  2.223750195312500000e+04
6.900000000000000000e+01  2.810035095214843750e+02  -1.430295085906982422e+01  -2.126336479187011719e+01  1.599450000000000000e+05  2.419417968750000000e+04  3.512459375000000000e+04  2.164994921875000000e+04
6.800000000000000000e+01  2.668860168457031250e+02  1.048365879058837891e+01  -2.420372200012207031e+01  1.498010000000000000e+05  2.341945703125000000e+04  3.400736718750000000e+04  2.098065039062500000e+04
6.700000000000000000e+01  2.528030548095703125e+02  3.639620208740234375e+01  -2.377482223510742188e+01  1.525950000000000000e+05  2.267158789062500000e+04  3.292150781250000000e+04  2.033265625000000000e+04
6.600000000000000000e+01  2.410763244628906250e+02  6.528516387939453125e+01  -2.278511619567871094e+01  1.423700000000000000e+05  2.194616406250000000e+04  3.186564062500000000e+04  1.970345703125000000e+04
6.500000000000000000e+01  2.313580322265625000e+02  9.268443298339843750e+01  -2.094234466552734375e+01  1.316740000000000000e+05  2.124255664062500000e+04  3.084065429687500000e+04  1.909292382812500000e+04
6.400000000000000000e+01  2.188093872070312500e+02  1.228784027099609375e+02  -2.663648796081542969e+01  1.277450000000000000e+05  2.046408789062500000e+04  2.970708203125000000e+04  1.841548437500000000e+04
6.300000000000000000e+01  2.104401702880859375e+02  1.498490753173828125e+02  -2.615572929382324219e+01  1.210590000000000000e+05  1.971208593750000000e+04  2.861521289062500000e+04  1.776180273437500000e+04
6.200000000000000000e+01  2.005397796630859375e+02  1.749420623779296875e+02  -3.165455436706542969e+01  1.252430000000000000e+05  1.889977929687500000e+04  2.743395312500000000e+04  1.705464257812500000e+04
6.100000000000000000e+01  1.913243408203125000e+02  1.982291717529296875e+02  -3.276521301269531250e+01  1.142210000000000000e+05  1.812017968750000000e+04  2.629998632812500000e+04  1.637473632812500000e+04
6.000000000000000000e+01  1.852397308349609375e+02  2.157080993652343750e+02  -3.009043312072753906e+01  1.086310000000000000e+05  1.762056835937500000e+04  2.556989843750000000e+04  1.593544433593750000e+04
5.900000000000000000e+01  1.812887878417968750e+02  2.242878417968750000e+02  -3.092725944519042969e+01  1.057130000000000000e+05  1.729291015625000000e+04  2.509471484375000000e+04  1.564819921875000000e+04
5.800000000000000000e+01  1.758506317138671875e+02  2.443945312500000000e+02  -2.999225044250488281e+01  9.347600000000000000e+04  1.650042578125000000e+04  2.394421875000000000e+04  1.495170117187500000e+04
5.700000000000000000e+01  1.741877593994140625e+02  2.621625976562500000e+02  -2.970836639404296875e+01  8.685600000000000000e+04  1.574047949218750000e+04  2.284714843750000000e+04  1.428357714843750000e+04
5.600000000000000000e+01  1.728615264892578125e+02  2.743758544921875000e+02  -3.388367462158203125e+01  7.879600000000000000e+04  1.501602246093750000e+04  2.179928125000000000e+04  1.364401074218750000e+04
5.400000000000000000e+01  1.681026458740234375e+02  2.830422363281250000e+02  -3.873828887939453125e+01  6.869500000000000000e+04  1.412258105468750000e+04  2.050807617187500000e+04  1.285558300781250000e+04
5.200000000000000000e+01  1.621385650634765625e+02  2.871293945312500000e+02  -4.296115493774414062e+01  6.187400000000000000e+04  1.303357031250000000e+04  1.893095507812500000e+04  1.188941699218750000e+04
5.100000000000000000e+01  1.621191406250000000e+02  2.917976074218750000e+02  -4.519635391235351562e+01  5.520400000000000000e+04  1.249272753906250000e+04  1.814490234375000000e+04  1.140519042968750000e+04
5.000000000000000000e+01  1.565344543457031250e+02  2.934205932617187500e+02  -4.725236892700195312e+01  4.737400000000000000e+04  1.191827441406250000e+04  1.731069140625000000e+04  1.089054101562500000e+04
4.900000000000000000e+01  1.554841766357421875e+02  2.932135009765625000e+02  -4.739104080200195312e+01  4.623000000000000000e+04  1.180681738281250000e+04  1.714869335937500000e+04  1.079071972656250000e+04
4.800000000000000000e+01  1.502677764892578125e+02  2.920730590820312500e+02  -4.811188507080078125e+01  3.822400000000000000e+04  1.137024023437500000e+04  1.651426757812500000e+04  1.039891113281250000e+04
4.700000000000000000e+01  1.448412170410156250e+02  2.887477111816406250e+02  -4.938280487060546875e+01  3.107700000000000000e+04  1.084741699218750000e+04  1.575475390625000000e+04  9.931126953125000000e+03
4.600000000000000000e+01  1.370435485839843750e+02  2.843956909179687500e+02  -4.810029983520507812e+01  2.416200000000000000e+04  1.035146289062500000e+04  1.503041015625000000e+04  9.482651367187500000e+03
4.500000000000000000e+01  1.328421783447265625e+02  2.818709411621093750e+02  -4.696661758422851562e+01  2.203100000000000000e+04  1.011266210937500000e+04  1.468017578125000000e+04  9.265365234375000000e+03
4.400000000000000000e+01  1.301547546386718750e+02  2.796760864257812500e+02  -4.633207321166992188e+01  2.128800000000000000e+04  9.924824218750000000e+03  1.440622851562500000e+04  9.095380859375000000e+03
4.300000000000000000e+01  1.278353805541992188e+02  2.740477600097656250e+02  -4.322208786010742188e+01  2.098000000000000000e+04  9.466104492187500000e+03  1.374289550781250000e+04  8.682399414062500000e+03
4.200000000000000000e+01  1.231332702636718750e+02  2.675496520996093750e+02  -3.885277557373046875e+01  2.651000000000000000e+04  9.030601562500000000e+03  1.311033300781250000e+04  8.286796875000000000e+03
4.100000000000000000e+01  1.208547286987304688e+02  2.657133483886718750e+02  -3.778230667114257812e+01  2.726100000000000000e+04  8.862205078125000000e+03  1.286463769531250000e+04  8.134093261718750000e+03
4.000000000000000000e+01  1.188793487548828125e+02  2.623103942871093750e+02  -3.646575546264648438e+01  2.912700000000000000e+04  8.614880859375000000e+03  1.250480859375000000e+04  7.910773925781250000e+03
3.900000000000000000e+01  1.159999847412109375e+02  2.555022125244140625e+02  -3.341223526000976562e+01  2.307800000000000000e+04  8.255679687500000000e+03  1.198570312500000000e+04  7.585616210937500000e+03
3.800000000000000000e+01  1.102791366577148438e+02  2.486259918212890625e+02  -2.877390480041503906e+01  2.116200000000000000e+04  7.876411132812500000e+03  1.143369921875000000e+04  7.237931640625000000e+03
3.700000000000000000e+01  1.051709823608398438e+02  2.411588745117187500e+02  -2.505773925781250000e+01  1.706100000000000000e+04  7.514642578125000000e+03  1.090667187500000000e+04  6.906717285156250000e+03
3.600000000000000000e+01  1.004911651611328125e+02  2.349048156738281250e+02  -2.253229141235351562e+01  1.422000000000000000e+04  7.169375000000000000e+03  1.040307910156250000e+04  6.591009765625000000e+03
3.500000000000000000e+01  9.910329437255859375e+01  2.330818176269531250e+02  -2.251457405090332031e+01  1.576800000000000000e+04  7.102365234375000000e+03  1.030528906250000000e+04  6.529708007812500000e+03
3.400000000000000000e+01  9.598672485351562500e+01  2.275188140869140625e+02  -2.057297134399414062e+01  2.528800000000000000e+04  6.839423339843750000e+03  9.922642578125000000e+03  6.289753906250000000e+03
3.300000000000000000e+01  9.216275024414062500e+01  2.210708465576171875e+02  -1.898376083374023438e+01  2.043300000000000000e+04  6.555746093750000000e+03  9.509482421875000000e+03  6.030211914062500000e+03
3.200000000000000000e+01  9.104921722412109375e+01  2.190527801513671875e+02  -1.840047264099121094e+01  1.900700000000000000e+04  6.463685546875000000e+03  9.375562500000000000e+03  5.945849121093750000e+03
3.100000000000000000e+01  8.811649322509765625e+01  2.135315246582031250e+02  -1.731811523437500000e+01  1.625800000000000000e+04  6.253884765625000000e+03  9.071070312500000000e+03  5.754426757812500000e+03
3.000000000000000000e+01  8.416687011718750000e+01  2.065677032470703125e+02  -1.582848167419433594e+01  1.240400000000000000e+04  5.965778320312500000e+03  8.652020507812500000e+03  5.490408691406250000e+03
2.900000000000000000e+01  8.088367462158203125e+01  1.994876861572265625e+02  -1.460311412811279297e+01  9.490000000000000000e+03  5.690690429687500000e+03  8.252885742187500000e+03  5.239261718750000000e+03
2.800000000000000000e+01  7.802231597900390625e+01  1.929026031494140625e+02  -1.370527744293212891e+01  7.041000000000000000e+03  5.453441894531250000e+03  7.909186523437500000e+03  5.022809082031250000e+03
2.700000000000000000e+01  7.418717956542968750e+01  1.857773437500000000e+02  -1.298891448974609375e+01  6.332000000000000000e+03  5.202039062500000000e+03  7.544162109375000000e+03  4.793030273437500000e+03
