1.240000000000000000e+02  9.611545562744140625e+00  2.449291801452636719e+01  2.866942286491394043e-01  3.833150000000000000e+05  7.160385156250000000e+04  9.789878906250000000e+03  4.241793359375000000e+04
1.230000000000000000e+02  8.134651184082031250e-01  3.174018287658691406e+01  2.385522651672363281e+01  3.817300000000000000e+05  7.093305468750000000e+04  9.680749023437500000e+03  4.195996484375000000e+04
1.220000000000000000e+02  -1.662815666198730469e+01  2.805704689025878906e+01  4.572268295288085938e+01  3.800390000000000000e+05  6.993990625000000000e+04  9.517494140625000000e+03  4.128578125000000000e+04
1.210000000000000000e+02  -2.457522201538085938e+01  1.803597068786621094e+01  5.176873016357421875e+01  3.773920000000000000e+05  6.928146093750000000e+04  9.412338867187500000e+03  4.084275390625000000e+04
1.200000000000000000e+02  -3.473931121826171875e+01  1.885613322257995605e+00  5.058425903320312500e+01  3.744210000000000000e+05  6.830504687500000000e+04  9.256561523437500000e+03  4.018727343750000000e+04
1.190000000000000000e+02  -3.551004791259765625e+01  -1.853289222717285156e+01  3.617255020141601562e+01  3.714000000000000000e+05  6.733625000000000000e+04  9.106854492187500000e+03  3.954325781250000000e+04
1.180000000000000000e+02  -2.631331062316894531e+01  -3.143940353393554688e+01  1.419307518005371094e+01  3.735060000000000000e+05  6.669264062500000000e+04  9.010519531250000000e+03  3.912282812500000000e+04
1.170000000000000000e+02  3.123385906219482422e-01  -3.367065811157226562e+01  -2.591964149475097656e+01  3.691530000000000000e+05  6.573455468750000000e+04  8.866921875000000000e+03  3.850221484375000000e+04
1.160000000000000000e+02  2.860237884521484375e+01  -1.728317070007324219e+01  -5.511082839965820312e+01  3.658720000000000000e+05  6.479229296875000000e+04  8.724044921875000000e+03  3.789026171875000000e+04
1.150000000000000000e+02  4.627252578735351562e+01  -3.374356031417846680e+00  -6.277010345458984375e+01  3.625970000000000000e+05  6.417249218750000000e+04  8.630738281250000000e+03  3.748290234375000000e+04
1.140000000000000000e+02  6.666130828857421875e+01  2.089851570129394531e+01  -6.486986541748046875e+01  3.587720000000000000e+05  6.325545703125000000e+04  8.488592773437500000e+03  3.687830468750000000e+04
1.130000000000000000e+02  7.754566192626953125e+01  4.256826400756835938e+01  -5.984175491333007812e+01  3.544650000000000000e+05  6.235568750000000000e+04  8.348407226562500000e+03  3.628094921875000000e+04
1.120000000000000000e+02  8.255561065673828125e+01  6.195480728149414062e+01  -5.000270080566406250e+01  3.480070000000000000e+05  6.146917187500000000e+04  8.209820312500000000e+03  3.569182812500000000e+04
1.110000000000000000e+02  8.307023620605468750e+01  7.958393859863281250e+01  -3.413129043579101562e+01  3.446210000000000000e+05  6.059575000000000000e+04  8.073740722656250000e+03  3.510847265625000000e+04
1.100000000000000000e+02  7.991714477539062500e+01  8.912689971923828125e+01  -2.197945785522460938e+01  3.422930000000000000e+05  6.002025000000000000e+04  7.984502929687500000e+03  3.472335937500000000e+04
1.090000000000000000e+02  7.195874023437500000e+01  1.024112472534179688e+02  -2.243308305740356445e+00  3.392060000000000000e+05  5.916771875000000000e+04  7.853425781250000000e+03  3.415192968750000000e+04
1.080000000000000000e+02  5.684877014160156250e+01  1.103339920043945312e+02  2.008712005615234375e+01  3.369770000000000000e+05  5.832897265625000000e+04  7.724269531250000000e+03  3.358960156250000000e+04
1.070000000000000000e+02  3.825133132934570312e+01  1.123141937255859375e+02  4.154151535034179688e+01  3.342660000000000000e+05  5.750433203125000000e+04  7.597600585937500000e+03  3.303847265625000000e+04
1.060000000000000000e+02  1.924287223815917969e+01  1.096993026733398438e+02  6.030204010009765625e+01  3.313610000000000000e+05  5.669174609375000000e+04  7.474998046875000000e+03  3.249577929687500000e+04
1.050000000000000000e+02  -1.823065042495727539e+00  1.007091522216796875e+02  7.401644134521484375e+01  3.282020000000000000e+05  5.589000000000000000e+04  7.356234375000000000e+03  3.196546679687500000e+04
1.040000000000000000e+02  -2.329427337646484375e+01  8.775090789794921875e+01  8.297344970703125000e+01  3.395040000000000000e+05  5.509955078125000000e+04  7.239279296875000000e+03  3.144754687500000000e+04
1.030000000000000000e+02  -4.289263153076171875e+01  6.856813049316406250e+01  8.533304595947265625e+01  3.358070000000000000e+05  5.431594140625000000e+04  7.127559570312500000e+03  3.094227148437500000e+04
1.020000000000000000e+02  -6.151458740234375000e+01  4.701851654052734375e+01  8.085117340087890625e+01  3.340590000000000000e+05  5.354269921875000000e+04  7.016849609375000000e+03  3.044823242187500000e+04
1.010000000000000000e+02  -7.135717010498046875e+01  1.549220561981201172e+01  7.161192321777343750e+01  3.316500000000000000e+05  5.277195312500000000e+04  6.916315429687500000e+03  2.996334960937500000e+04
1.000000000000000000e+02  -7.598508453369140625e+01  -3.060950469970703125e+01  5.338003540039062500e+01  3.273030000000000000e+05  5.175952734375000000e+04  6.785238769531250000e+03  2.932995703125000000e+04
9.900000000000000000e+01  -7.069189453125000000e+01  -6.394932937622070312e+01  3.583016204833984375e+01  3.237070000000000000e+05  5.100937890625000000e+04  6.688507324218750000e+03  2.886392382812500000e+04
9.800000000000000000e+01  -6.578591156005859375e+01  -9.109812927246093750e+01  1.578601837158203125e+01  3.205370000000000000e+05  5.027022656250000000e+04  6.591564941406250000e+03  2.840778906250000000e+04
9.700000000000000000e+01  -5.503306961059570312e+01  -1.195886306762695312e+02  -4.370729923248291016e+00  3.191440000000000000e+05  4.954040625000000000e+04  6.497726562500000000e+03  2.796040820312500000e+04
9.600000000000000000e+01  -3.720927047729492188e+01  -1.469195098876953125e+02  -3.645614624023437500e+01  3.164950000000000000e+05  4.858227343750000000e+04  6.368471191406250000e+03  2.737368164062500000e+04
9.500000000000000000e+01  -2.731717491149902344e+01  -1.629745330810546875e+02  -5.538500213623046875e+01  3.134380000000000000e+05  4.787450390625000000e+04  6.273653320312500000e+03  2.694141796875000000e+04
9.400000000000000000e+01  -1.750125503540039062e+01  -1.811668243408203125e+02  -7.299608612060546875e+01  3.225890000000000000e+05  4.695058203125000000e+04  6.145861816406250000e+03  2.637616601562500000e+04
9.300000000000000000e+01  -5.070518970489501953e+00  -1.961092529296875000e+02  -8.760852050781250000e+01  3.025250000000000000e+05  4.626779687500000000e+04  6.052412597656250000e+03  2.596107421875000000e+04
9.200000000000000000e+01  1.634789848327636719e+01  -2.168439331054687500e+02  -1.075222015380859375e+02  2.988340000000000000e+05  4.537096093750000000e+04  5.928548828125000000e+03  2.541518554687500000e+04
9.100000000000000000e+01  3.134861946105957031e+01  -2.350276031494140625e+02  -1.252219161987304688e+02  3.205010000000000000e+05  4.471205859375000000e+04  5.839969726562500000e+03  2.501322460937500000e+04
9.000000000000000000e+01  5.271828079223632812e+01  -2.514071807861328125e+02  -1.504932861328125000e+02  3.185780000000000000e+05  4.384646093750000000e+04  5.720073730468750000e+03  2.448593554687500000e+04
8.900000000000000000e+01  7.165989685058593750e+01  -2.636936035156250000e+02  -1.776559143066406250e+02  3.639660000000000000e+05  4.299890625000000000e+04  5.603125488281250000e+03  2.397223242187500000e+04
8.800000000000000000e+01  8.755788421630859375e+01  -2.734008789062500000e+02  -1.997831726074218750e+02  3.601430000000000000e+05  4.216675781250000000e+04  5.488266601562500000e+03  2.346805273437500000e+04
8.700000000000000000e+01  9.601393127441406250e+01  -2.777287292480468750e+02  -2.161963348388671875e+02  3.596670000000000000e+05  4.155529687500000000e+04  5.403299316406250000e+03  2.309897656250000000e+04
8.600000000000000000e+01  1.089493331909179688e+02  -2.840461425781250000e+02  -2.347663879394531250e+02  3.548520000000000000e+05  4.075018750000000000e+04  5.292640136718750000e+03  2.261652539062500000e+04
8.500000000000000000e+01  1.119258880615234375e+02  -2.859136352539062500e+02  -2.373921203613281250e+02  3.544920000000000000e+05  4.055100390625000000e+04  5.265538574218750000e+03  2.249618945312500000e+04
8.400000000000000000e+01  1.207891235351562500e+02  -2.908727722167968750e+02  -2.473463287353515625e+02  3.515490000000000000e+05  3.976799218750000000e+04  5.156364257812500000e+03  2.202261328125000000e+04
8.300000000000000000e+01  1.260556030273437500e+02  -2.962937927246093750e+02  -2.550613861083984375e+02  3.464120000000000000e+05  3.899901953125000000e+04  5.049698242187500000e+03  2.156055078125000000e+04
8.200000000000000000e+01  1.331707611083984375e+02  -3.054641418457031250e+02  -2.567189331054687500e+02  3.425290000000000000e+05  3.824410156250000000e+04  4.946818359375000000e+03  2.110736718750000000e+04
8.100000000000000000e+01  1.439594879150390625e+02  -3.137079162597656250e+02  -2.633741760253906250e+02  3.379550000000000000e+05  3.750499218750000000e+04  4.843577636718750000e+03  2.066785937500000000e+04
8.000000000000000000e+01  1.585853271484375000e+02  -3.246314697265625000e+02  -2.654464721679687500e+02  3.323300000000000000e+05  3.660038281250000000e+04  4.718950195312500000e+03  2.012595703125000000e+04
7.900000000000000000e+01  1.698772888183593750e+02  -3.315318603515625000e+02  -2.676307678222656250e+02  3.279930000000000000e+05  3.589381250000000000e+04  4.621265625000000000e+03  1.970520507812500000e+04
7.800000000000000000e+01  1.835797576904296875e+02  -3.423584899902343750e+02  -2.719728088378906250e+02  3.212760000000000000e+05  3.502980468750000000e+04  4.503278320312500000e+03  1.919339062500000000e+04
7.700000000000000000e+01  1.986626892089843750e+02  -3.532549133300781250e+02  -2.767876892089843750e+02  3.158940000000000000e+05  3.418605859375000000e+04  4.389238281250000000e+03  1.869656640625000000e+04
7.600000000000000000e+01  2.105388946533203125e+02  -3.636252441406250000e+02  -2.771854553222656250e+02  3.054190000000000000e+05  3.336437500000000000e+04  4.277314941406250000e+03  1.820957031250000000e+04
7.500000000000000000e+01  2.251580352783203125e+02  -3.705404968261718750e+02  -2.823605346679687500e+02  2.999590000000000000e+05  3.256003710937500000e+04  4.165159667968750000e+03  1.773596093750000000e+04
7.400000000000000000e+01  2.385599670410156250e+02  -3.793417358398437500e+02  -2.898540954589843750e+02  2.909230000000000000e+05  3.177747265625000000e+04  4.059492675781250000e+03  1.727804101562500000e+04
7.300000000000000000e+01  2.543532714843750000e+02  -3.909050598144531250e+02  -2.968236083984375000e+02  2.800690000000000000e+05  3.086099804687500000e+04  3.938471191406250000e+03  1.674152929687500000e+04
7.200000000000000000e+01  2.675782470703125000e+02  -3.962480468750000000e+02  -3.058385009765625000e+02  2.712570000000000000e+05  3.011691601562500000e+04  3.838267822265625000e+03  1.630991113281250000e+04
7.100000000000000000e+01  2.811395874023437500e+02  -4.011815490722656250e+02  -3.184791259765625000e+02  2.612450000000000000e+05  2.924848242187500000e+04  3.720000000000000000e+03  1.580918457031250000e+04
7.000000000000000000e+01  2.890067138671875000e+02  -4.051124572753906250e+02  -3.296224975585937500e+02  2.527610000000000000e+05  2.840921093750000000e+04  3.607352539062500000e+03  1.532597265625000000e+04
6.900000000000000000e+01  2.901286621093750000e+02  -4.139446716308593750e+02  -3.404239807128906250e+02  2.453010000000000000e+05  2.759974023437500000e+04  3.505528808593750000e+03  1.485723925781250000e+04
6.800000000000000000e+01  2.951375427246093750e+02  -4.204775390625000000e+02  -3.499937744140625000e+02  2.320210000000000000e+05  2.668118554687500000e+04  3.387380859375000000e+03  1.432741503906250000e+04
6.700000000000000000e+01  3.010053100585937500e+02  -4.236809082031250000e+02  -3.534334716796875000e+02  2.230300000000000000e+05  2.578934375000000000e+04  3.273110107421875000e+03  1.381439160156250000e+04
6.600000000000000000e+01  3.044657592773437500e+02  -4.202304077148437500e+02  -3.557352905273437500e+02  2.136190000000000000e+05  2.492846679687500000e+04  3.157951904296875000e+03  1.332027441406250000e+04
6.500000000000000000e+01  3.078688659667968750e+02  -4.156200561523437500e+02  -3.610948181152343750e+02  2.188260000000000000e+05  2.409505859375000000e+04  3.045877685546875000e+03  1.284639843750000000e+04
6.400000000000000000e+01  3.089858398437500000e+02  -4.070339050292968750e+02  -3.594201965332031250e+02  2.066500000000000000e+05  2.317915039062500000e+04  2.922404296875000000e+03  1.232188867187500000e+04
6.300000000000000000e+01  3.040923461914062500e+02  -3.935409240722656250e+02  -3.536925354003906250e+02  1.938430000000000000e+05  2.230202539062500000e+04  2.800311279296875000e+03  1.181983886718750000e+04
6.200000000000000000e+01  3.023926086425781250e+02  -3.780496826171875000e+02  -3.538251342773437500e+02  1.813030000000000000e+05  2.135301562500000000e+04  2.667793457031250000e+03  1.128411425781250000e+04
6.100000000000000000e+01  3.062710571289062500e+02  -3.522322387695312500e+02  -3.483417053222656250e+02  1.682270000000000000e+05  2.043782617187500000e+04  2.533209472656250000e+03  1.076993750000000000e+04
6.000000000000000000e+01  3.050117187500000000e+02  -3.384988708496093750e+02  -3.467480773925781250e+02  1.595920000000000000e+05  1.985414648437500000e+04  2.447613769531250000e+03  1.044403417968750000e+04
5.900000000000000000e+01  3.018382568359375000e+02  -3.319780273437500000e+02  -3.489429931640625000e+02  1.513790000000000000e+05  1.947527734375000000e+04  2.393256103515625000e+03  1.023384082031250000e+04
5.800000000000000000e+01  2.939942626953125000e+02  -3.178395080566406250e+02  -3.575452880859375000e+02  1.689920000000000000e+05  1.856083593750000000e+04  2.265590087890625000e+03  9.729593750000000000e+03
5.700000000000000000e+01  2.874761657714843750e+02  -3.016639404296875000e+02  -3.603509216308593750e+02  2.447890000000000000e+05  1.768957031250000000e+04  2.146342285156250000e+03  9.251894531250000000e+03
5.600000000000000000e+01  2.786650695800781250e+02  -2.856627502441406250e+02  -3.600212402343750000e+02  2.245760000000000000e+05  1.686198046875000000e+04  2.034745361328125000e+03  8.797883789062500000e+03
5.400000000000000000e+01  2.676679077148437500e+02  -2.702058715820312500e+02  -3.600888977050781250e+02  2.010050000000000000e+05  1.584200878906250000e+04  1.899837646484375000e+03  8.244793945312500000e+03
5.200000000000000000e+01  2.463639678955078125e+02  -2.525443572998046875e+02  -3.557433471679687500e+02  1.699090000000000000e+05  1.459888183593750000e+04  1.737706420898437500e+03  7.576225585937500000e+03
5.100000000000000000e+01  2.345861053466796875e+02  -2.426813507080078125e+02  -3.536844787597656250e+02  1.783560000000000000e+05  1.398300390625000000e+04  1.657669555664062500e+03  7.245646972656250000e+03
5.000000000000000000e+01  2.197384643554687500e+02  -2.319879608154296875e+02  -3.478042602539062500e+02  1.585100000000000000e+05  1.333117187500000000e+04  1.573191162109375000e+03  6.893966308593750000e+03
4.900000000000000000e+01  2.161872100830078125e+02  -2.297129669189453125e+02  -3.458492736816406250e+02  1.546060000000000000e+05  1.320510449218750000e+04  1.556921386718750000e+03  6.825227050781250000e+03
4.800000000000000000e+01  2.039687652587890625e+02  -2.199755096435546875e+02  -3.401434936523437500e+02  1.574990000000000000e+05  1.271091308593750000e+04  1.492811035156250000e+03  6.559602050781250000e+03
4.700000000000000000e+01  1.906151580810546875e+02  -2.092776336669921875e+02  -3.330235595703125000e+02  1.354240000000000000e+05  1.211958886718750000e+04  1.417856689453125000e+03  6.242999023437500000e+03
4.600000000000000000e+01  1.775218048095703125e+02  -1.974600677490234375e+02  -3.275799560546875000e+02  1.428610000000000000e+05  1.155687695312500000e+04  1.345554687500000000e+03  5.944000000000000000e+03
4.500000000000000000e+01  1.757708435058593750e+02  -1.945214233398437500e+02  -3.241629028320312500e+02  1.452850000000000000e+05  1.128117773437500000e+04  1.313452270507812500e+03  5.799465820312500000e+03
4.400000000000000000e+01  1.728088989257812500e+02  -1.905458068847656250e+02  -3.218242797851562500e+02  1.423680000000000000e+05  1.106706542968750000e+04  1.286971923828125000e+03  5.687185546875000000e+03
4.300000000000000000e+01  1.653996429443359375e+02  -1.812736206054687500e+02  -3.140261840820312500e+02  1.366630000000000000e+05  1.055041601562500000e+04  1.222783325195312500e+03  5.415454101562500000e+03
4.200000000000000000e+01  1.569086151123046875e+02  -1.726464843750000000e+02  -3.064013671875000000e+02  2.057340000000000000e+05  1.005948437500000000e+04  1.162742065429687500e+03  5.156936523437500000e+03
4.100000000000000000e+01  1.534941253662109375e+02  -1.695614471435546875e+02  -3.041704101562500000e+02  2.031730000000000000e+05  9.869500976562500000e+03  1.139899780273437500e+03  5.057666503906250000e+03
4.000000000000000000e+01  1.482343902587890625e+02  -1.647203216552734375e+02  -2.993898620605468750e+02  1.939700000000000000e+05  9.591144531250000000e+03  1.106004760742187500e+03  4.911794433593750000e+03
3.900000000000000000e+01  1.405564270019531250e+02  -1.572965240478515625e+02  -2.930734558105468750e+02  1.641880000000000000e+05  9.188781250000000000e+03  1.056819580078125000e+03  4.701236816406250000e+03
3.800000000000000000e+01  1.330390625000000000e+02  -1.491101379394531250e+02  -2.852224426269531250e+02  2.065760000000000000e+05  8.761501953125000000e+03  1.004127258300781250e+03  4.478097656250000000e+03
3.700000000000000000e+01  1.264924392700195312e+02  -1.413010711669921875e+02  -2.769334106445312500e+02  1.781400000000000000e+05  8.354218750000000000e+03  9.547052001953125000e+02  4.265761718750000000e+03
3.600000000000000000e+01  1.205655441284179688e+02  -1.340442504882812500e+02  -2.687931518554687500e+02  1.462680000000000000e+05  7.965671875000000000e+03  9.077142333984375000e+02  4.064037353515625000e+03
3.500000000000000000e+01  1.195348281860351562e+02  -1.329055938720703125e+02  -2.673279724121093750e+02  1.342110000000000000e+05  7.890155761718750000e+03  8.990628662109375000e+02  4.025115722656250000e+03
3.400000000000000000e+01  1.144211578369140625e+02  -1.279372100830078125e+02  -2.608167114257812500e+02  2.109980000000000000e+05  7.594945800781250000e+03  8.635858764648437500e+02  3.871967773437500000e+03
3.300000000000000000e+01  1.092876434326171875e+02  -1.225692901611328125e+02  -2.543110961914062500e+02  1.776320000000000000e+05  7.276195312500000000e+03  8.262056274414062500e+02  3.707463623046875000e+03
3.200000000000000000e+01  1.082543411254882812e+02  -1.210295867919921875e+02  -2.514421844482421875e+02  3.183170000000000000e+05  7.173208496093750000e+03  8.143732910156250000e+02  3.653862548828125000e+03
3.100000000000000000e+01  1.045945281982421875e+02  -1.174353942871093750e+02  -2.458473968505859375e+02  1.796310000000000000e+05  6.938368652343750000e+03  7.871083374023437500e+02  3.532237548828125000e+03
3.000000000000000000e+01  9.854243469238281250e+01  -1.113166275024414062e+02  -2.381418151855468750e+02  2.188450000000000000e+05  6.616141601562500000e+03  7.482798461914062500e+02  3.365867431640625000e+03
2.900000000000000000e+01  9.377828216552734375e+01  -1.065092773437500000e+02  -2.296749267578125000e+02  3.816110000000000000e+05  6.308628906250000000e+03  7.122050781250000000e+02  3.207155029296875000e+03
2.800000000000000000e+01  8.920130157470703125e+01  -1.030694198608398438e+02  -2.233774261474609375e+02  3.787880000000000000e+05  6.044166015625000000e+03  6.825139160156250000e+02  3.071502197265625000e+03
