1.180000000000000000e+02  1.178984761238098145e+00  -3.484906852245330811e-01  -1.000213527679443359e+01
1.170000000000000000e+02  -1.003945469856262207e+00  -7.406886816024780273e-01  1.610774803161621094e+01
1.160000000000000000e+02  -3.235473632812500000e+00  -1.253718614578247070e+00  3.339730453491210938e+01
1.140000000000000000e+02  9.917357444763183594e+00  -3.917968273162841797e+00  -6.311709213256835938e+01
1.130000000000000000e+02  1.770179176330566406e+01  -1.121529960632324219e+01  -1.134871368408203125e+02
1.120000000000000000e+02  2.639808654785156250e+01  -1.863148689270019531e+01  -1.472313385009765625e+02
1.110000000000000000e+02  3.704795074462890625e+01  -1.481177043914794922e+01  -1.729494476318359375e+02
1.100000000000000000e+02  4.032149887084960938e+01  -1.015377521514892578e+01  -1.904301757812500000e+02
1.090000000000000000e+02  4.176654434204101562e+01  -6.645499706268310547e+00  -2.178381195068359375e+02
1.080000000000000000e+02  4.435971832275390625e+01  -7.732827663421630859e+00  -2.419689331054687500e+02
1.070000000000000000e+02  5.152538681030273438e+01  -1.397742462158203125e+01  -2.589906921386718750e+02
1.060000000000000000e+02  6.065839004516601562e+01  -1.249342060089111328e+01  -2.697161254882812500e+02
1.050000000000000000e+02  6.562464904785156250e+01  -5.302081108093261719e+00  -2.798480834960937500e+02
1.040000000000000000e+02  6.853294372558593750e+01  7.938250899314880371e-01  -2.913225708007812500e+02
1.030000000000000000e+02  7.134928894042968750e+01  5.792111396789550781e+00  -2.998312683105468750e+02
1.020000000000000000e+02  7.356674194335937500e+01  9.433547019958496094e+00  -3.077367248535156250e+02
1.010000000000000000e+02  7.624958801269531250e+01  1.120573425292968750e+01  -3.169826965332031250e+02
1.000000000000000000e+02  7.949000549316406250e+01  1.521321296691894531e+01  -3.269133300781250000e+02
9.900000000000000000e+01  8.077362823486328125e+01  2.088198089599609375e+01  -3.328516845703125000e+02
9.800000000000000000e+01  7.857590484619140625e+01  2.065562629699707031e+01  -3.438977050781250000e+02
9.700000000000000000e+01  7.825141143798828125e+01  1.582301998138427734e+01  -3.488824157714843750e+02
9.600000000000000000e+01  8.310180664062500000e+01  1.666803169250488281e+01  -3.498863220214843750e+02
9.500000000000000000e+01  8.454943084716796875e+01  2.390660858154296875e+01  -3.526722412109375000e+02
9.400000000000000000e+01  8.322143554687500000e+01  2.963204383850097656e+01  -3.574675598144531250e+02
9.300000000000000000e+01  8.679869079589843750e+01  3.162917518615722656e+01  -3.604772644042968750e+02
9.200000000000000000e+01  9.060118103027343750e+01  3.499447631835937500e+01  -3.650008239746093750e+02
9.100000000000000000e+01  9.374501800537109375e+01  3.607351303100585938e+01  -3.673444824218750000e+02
9.000000000000000000e+01  9.696285247802734375e+01  3.834819412231445312e+01  -3.706133117675781250e+02
8.900000000000000000e+01  1.004617767333984375e+02  4.174794387817382812e+01  -3.761843261718750000e+02
8.800000000000000000e+01  1.055167007446289062e+02  3.921854400634765625e+01  -3.811804809570312500e+02
8.700000000000000000e+01  1.134348068237304688e+02  3.639494705200195312e+01  -3.824769287109375000e+02
8.600000000000000000e+01  1.248163757324218750e+02  3.302645492553710938e+01  -3.813589477539062500e+02
8.500000000000000000e+01  1.280262298583984375e+02  3.271461868286132812e+01  -3.810797424316406250e+02
8.400000000000000000e+01  1.390774536132812500e+02  3.359993362426757812e+01  -3.769048156738281250e+02
8.300000000000000000e+01  1.483906250000000000e+02  3.266334915161132812e+01  -3.720979309082031250e+02
8.200000000000000000e+01  1.570652313232421875e+02  3.136239433288574219e+01  -3.656146545410156250e+02
8.100000000000000000e+01  1.639370422363281250e+02  3.335474014282226562e+01  -3.601317749023437500e+02
8.000000000000000000e+01  1.728323059082031250e+02  3.576205062866210938e+01  -3.534029846191406250e+02
7.900000000000000000e+01  1.773038787841796875e+02  3.813355255126953125e+01  -3.434166870117187500e+02
7.800000000000000000e+01  1.871103210449218750e+02  4.154981231689453125e+01  -3.285835571289062500e+02
7.700000000000000000e+01  1.937920837402343750e+02  4.160076141357421875e+01  -3.088590393066406250e+02
7.600000000000000000e+01  2.022185516357421875e+02  4.676624298095703125e+01  -2.893751831054687500e+02
7.500000000000000000e+01  2.070643310546875000e+02  5.394670867919921875e+01  -2.731318664550781250e+02
7.400000000000000000e+01  2.164931640625000000e+02  6.408174133300781250e+01  -2.650515441894531250e+02
7.300000000000000000e+01  2.266654205322265625e+02  7.369294738769531250e+01  -2.611734924316406250e+02
7.200000000000000000e+01  2.308847961425781250e+02  7.748593902587890625e+01  -2.582191772460937500e+02
7.100000000000000000e+01  2.375902862548828125e+02  8.455442810058593750e+01  -2.559890441894531250e+02
7.000000000000000000e+01  2.394291687011718750e+02  9.820562744140625000e+01  -2.548365173339843750e+02
6.900000000000000000e+01  2.369817047119140625e+02  1.054570388793945312e+02  -2.507162475585937500e+02
6.800000000000000000e+01  2.369774627685546875e+02  1.173996047973632812e+02  -2.447671966552734375e+02
6.700000000000000000e+01  2.323386840820312500e+02  1.282306365966796875e+02  -2.428064422607421875e+02
6.600000000000000000e+01  2.272137756347656250e+02  1.389835052490234375e+02  -2.409846496582031250e+02
6.500000000000000000e+01  2.144005126953125000e+02  1.482914123535156250e+02  -2.376979522705078125e+02
6.400000000000000000e+01  1.997414398193359375e+02  1.560249938964843750e+02  -2.470423889160156250e+02
6.300000000000000000e+01  1.816755371093750000e+02  1.510356445312500000e+02  -2.474192810058593750e+02
6.200000000000000000e+01  1.623906707763671875e+02  1.492031250000000000e+02  -2.394491577148437500e+02
6.100000000000000000e+01  1.490735168457031250e+02  1.478173217773437500e+02  -2.340323333740234375e+02
6.000000000000000000e+01  1.411963348388671875e+02  1.488269348144531250e+02  -2.306923980712890625e+02
5.900000000000000000e+01  1.347498321533203125e+02  1.491322021484375000e+02  -2.271213836669921875e+02
5.800000000000000000e+01  1.171687622070312500e+02  1.454217987060546875e+02  -2.207580413818359375e+02
5.700000000000000000e+01  1.028438262939453125e+02  1.424815521240234375e+02  -2.143289642333984375e+02
5.600000000000000000e+01  8.977376556396484375e+01  1.362711639404296875e+02  -2.052557525634765625e+02
5.400000000000000000e+01  7.676802062988281250e+01  1.288070526123046875e+02  -1.933579406738281250e+02
5.200000000000000000e+01  5.906174850463867188e+01  1.142277832031250000e+02  -1.773503265380859375e+02
5.100000000000000000e+01  5.274964904785156250e+01  1.084065933227539062e+02  -1.723162384033203125e+02
5.000000000000000000e+01  4.293912124633789062e+01  1.036656112670898438e+02  -1.636139068603515625e+02
4.900000000000000000e+01  4.165212631225585938e+01  1.033023071289062500e+02  -1.623692169189453125e+02
4.800000000000000000e+01  3.570101547241210938e+01  1.012488784790039062e+02  -1.575176544189453125e+02
4.700000000000000000e+01  2.943891525268554688e+01  1.006273956298828125e+02  -1.537125244140625000e+02
4.600000000000000000e+01  2.592385101318359375e+01  1.041330337524414062e+02  -1.492534027099609375e+02
4.500000000000000000e+01  2.275557708740234375e+01  1.057732315063476562e+02  -1.460292053222656250e+02
4.400000000000000000e+01  1.933861732482910156e+01  1.061333084106445312e+02  -1.427580108642578125e+02
4.300000000000000000e+01  1.406419467926025391e+01  1.040901565551757812e+02  -1.359521636962890625e+02
4.200000000000000000e+01  5.921193122863769531e+00  1.024442367553710938e+02  -1.306886596679687500e+02
4.100000000000000000e+01  3.367491722106933594e+00  1.004931335449218750e+02  -1.281171722412109375e+02
4.000000000000000000e+01  -9.768395684659481049e-03  9.848024749755859375e+01  -1.239542007446289062e+02
3.900000000000000000e+01  -4.239068031311035156e+00  9.605154418945312500e+01  -1.184931335449218750e+02
3.800000000000000000e+01  -8.024185180664062500e+00  9.136661529541015625e+01  -1.133692474365234375e+02
3.700000000000000000e+01  -9.854513168334960938e+00  8.969618225097656250e+01  -1.094445495605468750e+02
3.600000000000000000e+01  -1.380694389343261719e+01  8.455363464355468750e+01  -1.051297912597656250e+02
3.500000000000000000e+01  -1.445312976837158203e+01  8.345137786865234375e+01  -1.044015884399414062e+02
3.400000000000000000e+01  -1.653197479248046875e+01  8.080601501464843750e+01  -1.010499801635742188e+02
3.300000000000000000e+01  -1.853746986389160156e+01  7.757383728027343750e+01  -9.820969390869140625e+01
3.200000000000000000e+01  -1.906172370910644531e+01  7.593556976318359375e+01  -9.649160003662109375e+01
3.100000000000000000e+01  -2.047660446166992188e+01  7.395369720458984375e+01  -9.426213836669921875e+01
3.000000000000000000e+01  -2.178493690490722656e+01  7.059062194824218750e+01  -9.090355682373046875e+01
2.900000000000000000e+01  -2.384294700622558594e+01  6.694167327880859375e+01  -8.725771331787109375e+01
2.800000000000000000e+01  -2.483980560302734375e+01  6.426258087158203125e+01  -8.442951202392578125e+01
2.700000000000000000e+01  -2.563659095764160156e+01  6.111792755126953125e+01  -8.122615814208984375e+01
2.600000000000000000e+01  -2.664594459533691406e+01  5.802553939819335938e+01  -7.795393371582031250e+01
