1.200000000000000000e+02  -1.237031841278076172e+01  -7.702339649200439453e+00  -1.343970179557800293e+00  3.532700000000000000e+05  7.080701660156250000e+03  5.113370312500000000e+04  3.921852343750000000e+04
1.190000000000000000e+02  -5.617550849914550781e+00  -1.168742942810058594e+01  -1.691433334350585938e+01  3.489610000000000000e+05  6.943980468750000000e+03  5.041385546875000000e+04  3.868498437500000000e+04
1.180000000000000000e+02  8.696992874145507812e+00  7.069382667541503906e+00  3.353657245635986328e+00  3.464930000000000000e+05  6.848407226562500000e+03  4.992997265625000000e+04  3.832653515625000000e+04
1.170000000000000000e+02  -1.596273326873779297e+01  1.425156402587890625e+01  3.749401855468750000e+01  3.421270000000000000e+05  6.717887207031250000e+03  4.922020703125000000e+04  3.779091406250000000e+04
1.160000000000000000e+02  -3.581785964965820312e+01  6.550129413604736328e+00  4.346224212646484375e+01  3.374560000000000000e+05  6.589202636718750000e+03  4.852339062500000000e+04  3.726647265625000000e+04
1.150000000000000000e+02  -4.339056777954101562e+01  -2.793171405792236328e+00  3.652910614013671875e+01  3.345220000000000000e+05  6.504071289062500000e+03  4.806614843750000000e+04  3.692271484375000000e+04
1.140000000000000000e+02  -3.690547561645507812e+01  -1.933637619018554688e+01  1.249711608886718750e+01  3.308330000000000000e+05  6.372011230468750000e+03  4.739058203125000000e+04  3.641631640625000000e+04
1.130000000000000000e+02  -3.537605285644531250e+00  -2.555207633972167969e+01  -2.247295188903808594e+01  3.278370000000000000e+05  6.234723144531250000e+03  4.672267968750000000e+04  3.592133593750000000e+04
1.120000000000000000e+02  3.991238784790039062e+01  -2.651500225067138672e+00  -3.568877410888671875e+01  3.238300000000000000e+05  6.094656738281250000e+03  4.605463671875000000e+04  3.542674609375000000e+04
1.110000000000000000e+02  6.568863677978515625e+01  2.712472343444824219e+01  -3.079679107666015625e+01  3.200840000000000000e+05  5.962736816406250000e+03  4.539288671875000000e+04  3.493315234375000000e+04
1.100000000000000000e+02  7.557884979248046875e+01  4.568383407592773438e+01  -2.414477920532226562e+01  3.185570000000000000e+05  5.879095703125000000e+03  4.495626171875000000e+04  3.460710937500000000e+04
1.090000000000000000e+02  8.164004516601562500e+01  7.086924743652343750e+01  -1.062154293060302734e+01  3.138960000000000000e+05  5.758831054687500000e+03  4.430973828125000000e+04  3.412330078125000000e+04
1.080000000000000000e+02  8.151969909667968750e+01  9.527906036376953125e+01  6.444683551788330078e+00  3.109930000000000000e+05  5.643647949218750000e+03  4.367367187500000000e+04  3.364469921875000000e+04
1.070000000000000000e+02  7.887944793701171875e+01  1.141912994384765625e+02  2.486004257202148438e+01  3.068160000000000000e+05  5.533716308593750000e+03  4.304921484375000000e+04  3.317448828125000000e+04
1.060000000000000000e+02  7.447897338867187500e+01  1.245797805786132812e+02  4.868696975708007812e+01  3.036390000000000000e+05  5.428343750000000000e+03  4.243545312500000000e+04  3.270926171875000000e+04
1.050000000000000000e+02  6.412868499755859375e+01  1.255712051391601562e+02  7.063997650146484375e+01  2.998120000000000000e+05  5.327160644531250000e+03  4.183379296875000000e+04  3.225182226562500000e+04
1.040000000000000000e+02  4.901683044433593750e+01  1.192385253906250000e+02  8.793859863281250000e+01  2.954340000000000000e+05  5.230485839843750000e+03  4.124495703125000000e+04  3.180357812500000000e+04
1.030000000000000000e+02  3.100662231445312500e+01  1.056977233886718750e+02  1.007362213134765625e+02  2.903890000000000000e+05  5.135650878906250000e+03  4.066789062500000000e+04  3.136338867187500000e+04
1.020000000000000000e+02  1.573486137390136719e+01  8.772616577148437500e+01  1.087259979248046875e+02  2.872600000000000000e+05  5.039624511718750000e+03  4.010031640625000000e+04  3.093134179687500000e+04
1.010000000000000000e+02  -1.982442587614059448e-01  6.279230117797851562e+01  1.128180236816406250e+02  2.833160000000000000e+05  4.945183105468750000e+03  3.954409375000000000e+04  3.050578320312500000e+04
1.000000000000000000e+02  -2.118046379089355469e+01  2.358206367492675781e+01  1.077951736450195312e+02  2.843880000000000000e+05  4.821759277343750000e+03  3.881573046875000000e+04  2.995121875000000000e+04
9.900000000000000000e+01  -3.415710449218750000e+01  -1.363784980773925781e+01  8.980709838867187500e+01  2.814760000000000000e+05  4.730694824218750000e+03  3.828131250000000000e+04  2.954774218750000000e+04
9.800000000000000000e+01  -4.028591537475585938e+01  -4.581812286376953125e+01  6.378742218017578125e+01  2.789610000000000000e+05  4.638344726562500000e+03  3.775016796875000000e+04  2.915142773437500000e+04
9.700000000000000000e+01  -4.487209320068359375e+01  -7.447277832031250000e+01  2.786740875244140625e+01  2.766800000000000000e+05  4.546711425781250000e+03  3.722806250000000000e+04  2.876471875000000000e+04
9.600000000000000000e+01  -4.566494369506835938e+01  -1.003657150268554688e+02  -3.010839080810546875e+01  2.745680000000000000e+05  4.426395019531250000e+03  3.653824609375000000e+04  2.825873242187500000e+04
9.500000000000000000e+01  -3.894370269775390625e+01  -1.079632263183593750e+02  -6.861604309082031250e+01  2.700930000000000000e+05  4.333166015625000000e+03  3.602326562500000000e+04  2.788343164062500000e+04
9.400000000000000000e+01  -2.375159072875976562e+01  -1.075598678588867188e+02  -1.141248397827148438e+02  2.668600000000000000e+05  4.206527832031250000e+03  3.534532812500000000e+04  2.738757031250000000e+04
9.300000000000000000e+01  -8.357594490051269531e+00  -1.056726379394531250e+02  -1.443771820068359375e+02  2.664750000000000000e+05  4.109214843750000000e+03  3.484510937500000000e+04  2.702013085937500000e+04
9.200000000000000000e+01  7.515246868133544922e+00  -1.035088043212890625e+02  -1.889720306396484375e+02  2.612430000000000000e+05  3.984007080078125000e+03  3.419041796875000000e+04  2.654503710937500000e+04
9.100000000000000000e+01  1.277393627166748047e+01  -1.007132415771484375e+02  -2.197610321044921875e+02  2.529560000000000000e+05  3.898314941406250000e+03  3.370743359375000000e+04  2.619336914062500000e+04
9.000000000000000000e+01  1.320953941345214844e+01  -9.688643646240234375e+01  -2.557875061035156250e+02  2.487210000000000000e+05  3.791638427734375000e+03  3.307292578125000000e+04  2.573066210937500000e+04
8.900000000000000000e+01  1.470933437347412109e+01  -9.294114685058593750e+01  -2.848370056152343750e+02  2.437600000000000000e+05  3.686644287109375000e+03  3.244955078125000000e+04  2.527250781250000000e+04
8.800000000000000000e+01  1.450858211517333984e+01  -9.007685089111328125e+01  -3.114804077148437500e+02  2.383080000000000000e+05  3.585261230468750000e+03  3.183626171875000000e+04  2.482130468750000000e+04
8.700000000000000000e+01  1.644301223754882812e+01  -8.780985260009765625e+01  -3.279556274414062500e+02  2.362420000000000000e+05  3.509989990234375000e+03  3.138301562500000000e+04  2.448524218750000000e+04
8.600000000000000000e+01  9.582472801208496094e+00  -8.624224853515625000e+01  -3.489186706542968750e+02  2.311340000000000000e+05  3.419258056640625000e+03  3.078938281250000000e+04  2.404574023437500000e+04
8.500000000000000000e+01  1.000662899017333984e+01  -8.447572326660156250e+01  -3.547602539062500000e+02  2.301080000000000000e+05  3.395382812500000000e+03  3.064125585937500000e+04  2.393810546875000000e+04
8.400000000000000000e+01  1.580636215209960938e+01  -8.331562805175781250e+01  -3.740452880859375000e+02  2.263990000000000000e+05  3.297083007812500000e+03  3.006200390625000000e+04  2.351002148437500000e+04
8.300000000000000000e+01  2.018523788452148438e+01  -8.699706268310546875e+01  -3.857976989746093750e+02  2.217230000000000000e+05  3.202560302734375000e+03  2.949512500000000000e+04  2.308423437500000000e+04
8.200000000000000000e+01  1.851496696472167969e+01  -9.104542541503906250e+01  -3.969744262695312500e+02  2.161750000000000000e+05  3.117186279296875000e+03  2.894018359375000000e+04  2.266714453125000000e+04
8.100000000000000000e+01  1.370455646514892578e+01  -9.139332580566406250e+01  -4.078641662597656250e+02  2.111340000000000000e+05  3.037918945312500000e+03  2.839157812500000000e+04  2.225952734375000000e+04
8.000000000000000000e+01  1.354343032836914062e+01  -9.563456726074218750e+01  -4.276935119628906250e+02  2.583560000000000000e+05  2.937020019531250000e+03  2.771814453125000000e+04  2.176656054687500000e+04
7.900000000000000000e+01  1.999987983703613281e+01  -9.474286651611328125e+01  -4.420560607910156250e+02  2.530740000000000000e+05  2.852705078125000000e+03  2.718788671875000000e+04  2.138156054687500000e+04
7.800000000000000000e+01  3.279780578613281250e+01  -9.114883422851562500e+01  -4.565780029296875000e+02  2.487980000000000000e+05  2.746369140625000000e+03  2.653762695312500000e+04  2.090773437500000000e+04
7.700000000000000000e+01  4.835094070434570312e+01  -9.338989257812500000e+01  -4.663822631835937500e+02  2.421270000000000000e+05  2.641134765625000000e+03  2.590869726562500000e+04  2.044104296875000000e+04
7.600000000000000000e+01  6.881398010253906250e+01  -9.424500274658203125e+01  -4.754886169433593750e+02  2.352780000000000000e+05  2.535411376953125000e+03  2.529486718750000000e+04  1.998430468750000000e+04
7.500000000000000000e+01  8.901184844970703125e+01  -9.544037628173828125e+01  -4.784768371582031250e+02  2.240440000000000000e+05  2.433997070312500000e+03  2.469385742187500000e+04  1.953157031250000000e+04
7.400000000000000000e+01  1.080276489257812500e+02  -9.620043182373046875e+01  -4.788539123535156250e+02  2.201960000000000000e+05  2.335745117187500000e+03  2.410920703125000000e+04  1.908891601562500000e+04
7.300000000000000000e+01  1.270116424560546875e+02  -9.757971191406250000e+01  -4.756473083496093750e+02  2.124840000000000000e+05  2.224203125000000000e+03  2.342508593750000000e+04  1.856499804687500000e+04
7.200000000000000000e+01  1.394715728759765625e+02  -9.324321746826171875e+01  -4.707790832519531250e+02  2.042180000000000000e+05  2.138686035156250000e+03  2.286470507812500000e+04  1.813891210937500000e+04
7.100000000000000000e+01  1.481170043945312500e+02  -8.494273376464843750e+01  -4.645225219726562500e+02  1.956540000000000000e+05  2.044399169921875000e+03  2.220794531250000000e+04  1.763783398437500000e+04
7.000000000000000000e+01  1.543698120117187500e+02  -8.343517303466796875e+01  -4.541373901367187500e+02  1.854110000000000000e+05  1.956969116210937500e+03  2.157527929687500000e+04  1.714902539062500000e+04
6.900000000000000000e+01  1.591162719726562500e+02  -8.256008911132812500e+01  -4.432138061523437500e+02  1.779810000000000000e+05  1.874290405273437500e+03  2.096100976562500000e+04  1.667477343750000000e+04
6.800000000000000000e+01  1.621130676269531250e+02  -7.691405487060546875e+01  -4.280519409179687500e+02  1.664100000000000000e+05  1.786564331054687500e+03  2.026508593750000000e+04  1.613715722656250000e+04
6.700000000000000000e+01  1.610975799560546875e+02  -6.535796356201171875e+01  -4.191892700195312500e+02  1.537790000000000000e+05  1.705519409179687500e+03  1.958050390625000000e+04  1.561807910156250000e+04
6.600000000000000000e+01  1.518739624023437500e+02  -5.384676742553710938e+01  -4.034209289550781250e+02  1.491890000000000000e+05  1.638569335937500000e+03  1.892091210937500000e+04  1.511354980468750000e+04
6.500000000000000000e+01  1.418543243408203125e+02  -5.270724487304687500e+01  -3.891886291503906250e+02  1.396840000000000000e+05  1.572297851562500000e+03  1.829717968750000000e+04  1.462509277343750000e+04
6.400000000000000000e+01  1.396821746826171875e+02  -5.100627899169921875e+01  -3.685852661132812500e+02  1.278580000000000000e+05  1.487181274414062500e+03  1.760933203125000000e+04  1.409086523437500000e+04
6.300000000000000000e+01  1.470526885986328125e+02  -4.681446075439453125e+01  -3.567155761718750000e+02  1.464680000000000000e+05  1.399955200195312500e+03  1.693751367187500000e+04  1.358121386718750000e+04
6.200000000000000000e+01  1.581110382080078125e+02  -3.527973556518554688e+01  -3.565726318359375000e+02  1.348410000000000000e+05  1.309226440429687500e+03  1.620192187500000000e+04  1.303819628906250000e+04
6.100000000000000000e+01  1.646957550048828125e+02  -2.098796653747558594e+01  -3.603930969238281250e+02  1.263710000000000000e+05  1.230657470703125000e+03  1.549348144531250000e+04  1.251395117187500000e+04
6.000000000000000000e+01  1.654948730468750000e+02  -1.424782562255859375e+01  -3.601383056640625000e+02  1.189770000000000000e+05  1.182567993164062500e+03  1.504040625000000000e+04  1.217309863281250000e+04
5.900000000000000000e+01  1.645910797119140625e+02  -1.119157123565673828e+01  -3.601501770019531250e+02  1.134960000000000000e+05  1.151576416015625000e+03  1.474717968750000000e+04  1.195180859375000000e+04
5.800000000000000000e+01  1.587415313720703125e+02  3.816559553146362305e+00  -3.528866577148437500e+02  1.591130000000000000e+05  1.078137451171875000e+03  1.403887695312500000e+04  1.141150878906250000e+04
5.700000000000000000e+01  1.559258270263671875e+02  1.920634460449218750e+01  -3.423016662597656250e+02  1.716820000000000000e+05  1.009236450195312500e+03  1.336755468750000000e+04  1.089344433593750000e+04
5.600000000000000000e+01  1.604802246093750000e+02  3.133017349243164062e+01  -3.393387145996093750e+02  1.562340000000000000e+05  9.374412231445312500e+02  1.273471875000000000e+04  1.040667675781250000e+04
5.400000000000000000e+01  1.709935150146484375e+02  4.602768325805664062e+01  -3.222037658691406250e+02  1.345110000000000000e+05  8.518366699218750000e+02  1.195792871093750000e+04  9.799147460937500000e+03
5.200000000000000000e+01  1.756043701171875000e+02  6.351201248168945312e+01  -3.069248046875000000e+02  1.201310000000000000e+05  7.555422363281250000e+02  1.100641210937500000e+04  9.055598632812500000e+03
5.100000000000000000e+01  1.800137023925781250e+02  6.849686431884765625e+01  -2.983429565429687500e+02  1.369900000000000000e+05  7.071553955078125000e+02  1.053608886718750000e+04  8.683740234375000000e+03
5.000000000000000000e+01  1.780672454833984375e+02  7.040023803710937500e+01  -2.881516418457031250e+02  1.276010000000000000e+05  6.589000244140625000e+02  1.003597070312500000e+04  8.288704101562500000e+03
4.900000000000000000e+01  1.778217315673828125e+02  6.953141021728515625e+01  -2.854844970703125000e+02  1.897300000000000000e+05  6.492636108398437500e+02  9.939536132812500000e+03  8.211695312500000000e+03
4.800000000000000000e+01  1.767731323242187500e+02  6.503599548339843750e+01  -2.797392578125000000e+02  1.412510000000000000e+05  6.123711547851562500e+02  9.565618164062500000e+03  7.915245605468750000e+03
4.700000000000000000e+01  1.723986358642578125e+02  6.578794097900390625e+01  -2.660349426269531250e+02  2.171060000000000000e+05  5.723612670898437500e+02  9.112375976562500000e+03  7.553374023437500000e+03
4.600000000000000000e+01  1.703893127441406250e+02  6.374229812622070312e+01  -2.538086700439453125e+02  2.099030000000000000e+05  5.331854248046875000e+02  8.682969726562500000e+03  7.208316894531250000e+03
4.500000000000000000e+01  1.679529724121093750e+02  5.997161483764648438e+01  -2.541830902099609375e+02  2.497230000000000000e+05  5.161193237304687500e+02  8.479058593750000000e+03  7.047569824218750000e+03
4.400000000000000000e+01  1.670252532958984375e+02  5.948438262939453125e+01  -2.509834594726562500e+02  2.313090000000000000e+05  5.024409179687500000e+02  8.316856445312500000e+03  6.917872070312500000e+03
4.300000000000000000e+01  1.640125885009765625e+02  5.627159500122070312e+01  -2.412480926513671875e+02  3.910720000000000000e+05  4.698769836425781250e+02  7.926315429687500000e+03  6.602938476562500000e+03
4.200000000000000000e+01  1.609538116455078125e+02  5.566451263427734375e+01  -2.309706878662109375e+02  3.354980000000000000e+05  4.398002014160156250e+02  7.553584960937500000e+03  6.301651855468750000e+03
4.100000000000000000e+01  1.592878723144531250e+02  5.608951187133789062e+01  -2.263992614746093750e+02  3.082790000000000000e+05  4.284884033203125000e+02  7.409313476562500000e+03  6.185056152343750000e+03
4.000000000000000000e+01  1.567851409912109375e+02  5.539960098266601562e+01  -2.212602233886718750e+02  2.863190000000000000e+05  4.118479614257812500e+02  7.198740234375000000e+03  6.014398437500000000e+03
3.900000000000000000e+01  1.530261840820312500e+02  5.561755371093750000e+01  -2.116538543701171875e+02  2.991150000000000000e+05  3.881150817871093750e+02  6.893670410156250000e+03  5.766242187500000000e+03
3.800000000000000000e+01  1.490389099121093750e+02  5.394668579101562500e+01  -2.011895294189453125e+02  2.769880000000000000e+05  3.636007080078125000e+02  6.570232421875000000e+03  5.500838378906250000e+03
3.700000000000000000e+01  1.441802825927734375e+02  5.300621414184570312e+01  -1.909752807617187500e+02  2.655220000000000000e+05  3.413668518066406250e+02  6.262056640625000000e+03  5.248149902343750000e+03
3.600000000000000000e+01  1.405636138916015625e+02  5.203120040893554688e+01  -1.819899139404296875e+02  2.360470000000000000e+05  3.201129150390625000e+02  5.968216796875000000e+03  5.007184570312500000e+03
3.500000000000000000e+01  1.398566284179687500e+02  5.152124023437500000e+01  -1.803828735351562500e+02  2.763110000000000000e+05  3.159912109375000000e+02  5.911479980468750000e+03  4.960430664062500000e+03
3.400000000000000000e+01  1.360589294433593750e+02  5.084571838378906250e+01  -1.737259368896484375e+02  4.739730000000000000e+05  3.008238525390625000e+02  5.688934570312500000e+03  4.777843261718750000e+03
3.300000000000000000e+01  1.321574249267578125e+02  4.959412765502929688e+01  -1.664738464355468750e+02  4.052900000000000000e+05  2.842718811035156250e+02  5.448924804687500000e+03  4.579763671875000000e+03
3.200000000000000000e+01  1.309420318603515625e+02  4.933367538452148438e+01  -1.646056976318359375e+02  4.643970000000000000e+05  2.789924316406250000e+02  5.371070312500000000e+03  4.515870605468750000e+03
3.100000000000000000e+01  1.281991729736328125e+02  4.945557785034179688e+01  -1.578209686279296875e+02  3.903480000000000000e+05  2.667308654785156250e+02  5.193248046875000000e+03  4.368511718750000000e+03
3.000000000000000000e+01  1.238293457031250000e+02  4.732576751708984375e+01  -1.511137847900390625e+02  3.012820000000000000e+05  2.508584899902343750e+02  4.950436035156250000e+03  4.167842285156250000e+03
