3.449140000000000000e+05
3.481890000000000000e+05
3.506710000000000000e+05
3.564270000000000000e+05
3.576970000000000000e+05
3.634480000000000000e+05
3.645750000000000000e+05
3.646670000000000000e+05
3.681970000000000000e+05
3.686100000000000000e+05
3.691850000000000000e+05
3.717890000000000000e+05
3.729360000000000000e+05
3.741890000000000000e+05
3.759700000000000000e+05
3.768400000000000000e+05
3.782190000000000000e+05
3.784360000000000000e+05
3.785350000000000000e+05
3.787450000000000000e+05
3.788220000000000000e+05
3.803540000000000000e+05
3.805560000000000000e+05
3.808940000000000000e+05
3.827570000000000000e+05
3.830080000000000000e+05
3.831460000000000000e+05
3.832840000000000000e+05
3.834370000000000000e+05
3.836120000000000000e+05
3.838960000000000000e+05
3.844900000000000000e+05
3.847850000000000000e+05
3.848450000000000000e+05
3.858780000000000000e+05
3.859160000000000000e+05
3.862370000000000000e+05
3.875390000000000000e+05
3.877650000000000000e+05
3.884920000000000000e+05
3.885930000000000000e+05
3.890300000000000000e+05
3.892950000000000000e+05
3.893730000000000000e+05
3.894280000000000000e+05
3.894860000000000000e+05
3.895700000000000000e+05
3.897790000000000000e+05
3.898910000000000000e+05
3.899860000000000000e+05
3.900180000000000000e+05
3.902540000000000000e+05
3.903000000000000000e+05
3.903930000000000000e+05
3.905810000000000000e+05
3.906530000000000000e+05
3.906690000000000000e+05
3.913470000000000000e+05
3.916040000000000000e+05
3.922950000000000000e+05
3.923510000000000000e+05
3.925930000000000000e+05
3.929040000000000000e+05
3.929520000000000000e+05
3.933010000000000000e+05
3.933560000000000000e+05
3.935530000000000000e+05
3.936050000000000000e+05
3.938150000000000000e+05
3.938700000000000000e+05
3.939170000000000000e+05
3.939840000000000000e+05
3.940670000000000000e+05
3.941020000000000000e+05
3.942170000000000000e+05
3.943530000000000000e+05
3.946640000000000000e+05
3.947570000000000000e+05
3.949420000000000000e+05
3.950790000000000000e+05
3.951250000000000000e+05
3.953190000000000000e+05
3.954440000000000000e+05
3.955370000000000000e+05
3.957320000000000000e+05
3.962010000000000000e+05
3.962500000000000000e+05
3.970620000000000000e+05
3.971480000000000000e+05
3.974850000000000000e+05
3.975410000000000000e+05
3.978470000000000000e+05
3.983100000000000000e+05
3.984700000000000000e+05
3.986220000000000000e+05
3.986910000000000000e+05
3.988910000000000000e+05
3.990830000000000000e+05
3.994740000000000000e+05
3.996480000000000000e+05
3.997790000000000000e+05
4.000040000000000000e+05
4.006660000000000000e+05
4.007860000000000000e+05
4.008240000000000000e+05
4.009970000000000000e+05
4.010490000000000000e+05
4.013700000000000000e+05
4.014270000000000000e+05
4.014740000000000000e+05
4.015670000000000000e+05
4.016630000000000000e+05
4.019160000000000000e+05
4.020330000000000000e+05
4.022030000000000000e+05
4.022660000000000000e+05
4.023090000000000000e+05
4.023650000000000000e+05
4.024230000000000000e+05
4.024790000000000000e+05
4.025140000000000000e+05
4.028010000000000000e+05
4.029630000000000000e+05
4.030320000000000000e+05
4.031860000000000000e+05
4.032730000000000000e+05
4.034110000000000000e+05
4.035430000000000000e+05
4.037040000000000000e+05
4.038070000000000000e+05
4.038440000000000000e+05
4.040380000000000000e+05
4.041380000000000000e+05
4.043890000000000000e+05
4.044590000000000000e+05
4.045180000000000000e+05
4.046630000000000000e+05
4.047190000000000000e+05
4.047770000000000000e+05
4.048350000000000000e+05
4.049230000000000000e+05
4.051980000000000000e+05
4.053660000000000000e+05
4.054190000000000000e+05
4.055720000000000000e+05
4.057160000000000000e+05
4.060000000000000000e+05
4.061790000000000000e+05
4.062860000000000000e+05
4.064360000000000000e+05
4.067770000000000000e+05
4.068270000000000000e+05
4.068580000000000000e+05
4.069470000000000000e+05
4.070520000000000000e+05
4.071650000000000000e+05
4.072650000000000000e+05
4.073060000000000000e+05
4.073720000000000000e+05
4.075490000000000000e+05
4.077000000000000000e+05
4.077280000000000000e+05
4.078230000000000000e+05
4.079340000000000000e+05
4.081520000000000000e+05
4.081630000000000000e+05
4.083400000000000000e+05
4.083810000000000000e+05
4.087600000000000000e+05
4.088770000000000000e+05
4.089160000000000000e+05
4.089540000000000000e+05
4.090530000000000000e+05
4.091540000000000000e+05
4.093950000000000000e+05
4.094430000000000000e+05
4.094710000000000000e+05
4.095210000000000000e+05
4.095640000000000000e+05
4.098510000000000000e+05
4.100440000000000000e+05
4.100870000000000000e+05
4.101320000000000000e+05
4.103040000000000000e+05
4.109290000000000000e+05
4.109700000000000000e+05
4.110260000000000000e+05
4.110760000000000000e+05
4.111460000000000000e+05
4.113340000000000000e+05
4.115660000000000000e+05
4.118470000000000000e+05
4.120040000000000000e+05
4.120570000000000000e+05
4.121380000000000000e+05
4.121730000000000000e+05
4.128010000000000000e+05
4.131760000000000000e+05
4.133420000000000000e+05
4.133630000000000000e+05
4.134520000000000000e+05
4.134940000000000000e+05
4.135310000000000000e+05
4.136950000000000000e+05
4.140310000000000000e+05
4.143490000000000000e+05
4.143960000000000000e+05
4.145460000000000000e+05
4.146790000000000000e+05
4.147910000000000000e+05
4.150880000000000000e+05
4.152580000000000000e+05
4.153590000000000000e+05
4.155030000000000000e+05
4.156460000000000000e+05
4.156960000000000000e+05
4.158220000000000000e+05
4.158610000000000000e+05
4.159510000000000000e+05
4.159990000000000000e+05
4.160390000000000000e+05
4.162640000000000000e+05
4.162990000000000000e+05
4.163390000000000000e+05
4.164450000000000000e+05
4.165460000000000000e+05
4.167040000000000000e+05
4.167530000000000000e+05
4.171230000000000000e+05
4.171540000000000000e+05
4.173390000000000000e+05
4.173800000000000000e+05
4.174200000000000000e+05
4.174950000000000000e+05
4.175650000000000000e+05
4.176120000000000000e+05
4.177090000000000000e+05
4.177360000000000000e+05
4.177550000000000000e+05
4.178120000000000000e+05
4.183420000000000000e+05
4.183650000000000000e+05
4.187970000000000000e+05
4.189140000000000000e+05
4.190550000000000000e+05
4.191880000000000000e+05
4.192080000000000000e+05
4.193260000000000000e+05
4.194070000000000000e+05
4.195100000000000000e+05
4.195880000000000000e+05
4.197610000000000000e+05
4.198830000000000000e+05
4.202180000000000000e+05
4.203000000000000000e+05
4.204700000000000000e+05
4.207780000000000000e+05
4.208940000000000000e+05
4.209930000000000000e+05
4.211980000000000000e+05
4.214730000000000000e+05
4.215310000000000000e+05
4.218490000000000000e+05
4.221210000000000000e+05
4.227130000000000000e+05
4.231320000000000000e+05
4.236280000000000000e+05
4.236930000000000000e+05
4.240020000000000000e+05
4.243040000000000000e+05
4.243340000000000000e+05
4.245120000000000000e+05
4.249680000000000000e+05
4.250900000000000000e+05
4.252110000000000000e+05
4.257460000000000000e+05
4.258410000000000000e+05
4.260470000000000000e+05
4.265170000000000000e+05
4.266260000000000000e+05
4.273580000000000000e+05
4.273800000000000000e+05
4.284950000000000000e+05
4.291800000000000000e+05
4.292980000000000000e+05
4.293330000000000000e+05
4.307100000000000000e+05
4.309820000000000000e+05
4.310880000000000000e+05
4.318930000000000000e+05
