1.100000000000000000e+02  3.156233787536621094e+00  2.758238410949707031e+01  -1.180937099456787109e+01  3.197200000000000000e+05  7.815247656250000000e+04  5.693471093750000000e+04  3.565885156250000000e+04
1.090000000000000000e+02  7.847558975219726562e+00  4.230525970458984375e+01  -2.417385864257812500e+01  3.177530000000000000e+05  7.702659375000000000e+04  5.612823828125000000e+04  3.510794531250000000e+04
1.080000000000000000e+02  7.245314598083496094e+00  2.355123710632324219e+01  -2.280213165283203125e+01  3.153890000000000000e+05  7.591846875000000000e+04  5.534735546875000000e+04  3.455887500000000000e+04
1.070000000000000000e+02  -6.431881427764892578e+00  -2.874027252197265625e+01  1.162896728515625000e+01  3.126500000000000000e+05  7.483184375000000000e+04  5.459269140625000000e+04  3.400658593750000000e+04
1.060000000000000000e+02  -1.319071006774902344e+01  -3.956827545166015625e+01  7.021047973632812500e+01  3.105940000000000000e+05  7.375758593750000000e+04  5.382891015625000000e+04  3.345351171875000000e+04
1.050000000000000000e+02  -1.577710914611816406e+01  -4.108353042602539062e+01  1.169914016723632812e+02  3.069730000000000000e+05  7.269637500000000000e+04  5.307369921875000000e+04  3.291328125000000000e+04
1.040000000000000000e+02  -1.896942520141601562e+01  -3.658335494995117188e+01  1.534141998291015625e+02  3.070340000000000000e+05  7.165181250000000000e+04  5.232635546875000000e+04  3.238790039062500000e+04
1.030000000000000000e+02  -1.822170829772949219e+01  -3.040027809143066406e+01  1.846756896972656250e+02  2.989850000000000000e+05  7.061935937500000000e+04  5.158745703125000000e+04  3.187050000000000000e+04
1.020000000000000000e+02  -1.711286163330078125e+01  -2.363117980957031250e+01  2.086735534667968750e+02  2.964910000000000000e+05  6.960223437500000000e+04  5.085907421875000000e+04  3.136500390625000000e+04
1.010000000000000000e+02  -1.440993595123291016e+01  -1.670992851257324219e+01  2.335263519287109375e+02  2.928520000000000000e+05  6.859910937500000000e+04  5.014108203125000000e+04  3.086635156250000000e+04
1.000000000000000000e+02  -1.356901741027832031e+01  -3.724966287612915039e+00  2.567022705078125000e+02  2.882460000000000000e+05  6.728441406250000000e+04  4.919666796875000000e+04  3.021942968750000000e+04
9.900000000000000000e+01  -1.226677513122558594e+01  5.171900272369384766e+00  2.743918762207031250e+02  2.845100000000000000e+05  6.631570312500000000e+04  4.850115625000000000e+04  2.974325781250000000e+04
9.800000000000000000e+01  -1.247687530517578125e+01  1.656625175476074219e+01  2.903080749511718750e+02  2.815020000000000000e+05  6.536035156250000000e+04  4.781329687500000000e+04  2.927560742187500000e+04
9.700000000000000000e+01  -9.466821670532226562e+00  2.538430786132812500e+01  3.042236938476562500e+02  2.827160000000000000e+05  6.441822656250000000e+04  4.713730468750000000e+04  2.881585546875000000e+04
9.600000000000000000e+01  -5.290072441101074219e+00  3.839440536499023438e+01  3.216781311035156250e+02  2.796020000000000000e+05  6.318248046875000000e+04  4.625025390625000000e+04  2.821476757812500000e+04
9.500000000000000000e+01  -2.767618179321289062e+00  4.702993011474609375e+01  3.323981323242187500e+02  3.227180000000000000e+05  6.227055078125000000e+04  4.559683593750000000e+04  2.777292968750000000e+04
9.400000000000000000e+01  4.457776546478271484e+00  5.811761856079101562e+01  3.450581665039062500e+02  3.197030000000000000e+05  6.107406640625000000e+04  4.474040234375000000e+04  2.719686523437500000e+04
9.300000000000000000e+01  8.575049400329589844e+00  6.904556274414062500e+01  3.541154174804687500e+02  3.160620000000000000e+05  6.019200781250000000e+04  4.410721484375000000e+04  2.677131835937500000e+04
9.200000000000000000e+01  1.485158634185791016e+01  8.058085632324218750e+01  3.626401977539062500e+02  3.099770000000000000e+05  5.903529687500000000e+04  4.327629296875000000e+04  2.621665625000000000e+04
9.100000000000000000e+01  1.880184173583984375e+01  9.025556182861328125e+01  3.682668762207031250e+02  3.076570000000000000e+05  5.818328906250000000e+04  4.266317968750000000e+04  2.580974218750000000e+04
9.000000000000000000e+01  2.502402687072753906e+01  1.026764221191406250e+02  3.723754882812500000e+02  3.076840000000000000e+05  5.706601562500000000e+04  4.185912890625000000e+04  2.527795312500000000e+04
8.900000000000000000e+01  2.966494560241699219e+01  1.174247283935546875e+02  3.760402526855468750e+02  3.044890000000000000e+05  5.597048828125000000e+04  4.106817578125000000e+04  2.475792968750000000e+04
8.800000000000000000e+01  3.392669677734375000e+01  1.320596160888671875e+02  3.787538452148437500e+02  2.996920000000000000e+05  5.489575390625000000e+04  4.029360546875000000e+04  2.424845312500000000e+04
8.700000000000000000e+01  3.917136383056640625e+01  1.439099578857421875e+02  3.790860595703125000e+02  2.966330000000000000e+05  5.410322656250000000e+04  3.972038671875000000e+04  2.387384570312500000e+04
8.600000000000000000e+01  4.536392211914062500e+01  1.572720184326171875e+02  3.755558776855468750e+02  2.912830000000000000e+05  5.306526562500000000e+04  3.896972265625000000e+04  2.338785156250000000e+04
8.500000000000000000e+01  4.699392700195312500e+01  1.613034057617187500e+02  3.747776794433593750e+02  2.905530000000000000e+05  5.280825781250000000e+04  3.878398828125000000e+04  2.326696679687500000e+04
8.400000000000000000e+01  5.304679107666015625e+01  1.755069122314453125e+02  3.735641784667968750e+02  2.861280000000000000e+05  5.179453515625000000e+04  3.805112890625000000e+04  2.279019921875000000e+04
8.300000000000000000e+01  5.854367828369140625e+01  1.902054443359375000e+02  3.701948852539062500e+02  2.801080000000000000e+05  5.079978906250000000e+04  3.732933984375000000e+04  2.232361718750000000e+04
8.200000000000000000e+01  6.560645294189453125e+01  1.992811279296875000e+02  3.639284362792968750e+02  2.751700000000000000e+05  4.982522656250000000e+04  3.662586718750000000e+04  2.186946484375000000e+04
8.100000000000000000e+01  7.200936126708984375e+01  2.082739715576171875e+02  3.579389343261718750e+02  2.712880000000000000e+05  4.887111718750000000e+04  3.593548437500000000e+04  2.142353710937500000e+04
8.000000000000000000e+01  7.680541992187500000e+01  2.228690032958984375e+02  3.527478637695312500e+02  2.639150000000000000e+05  4.770203906250000000e+04  3.508844921875000000e+04  2.087833984375000000e+04
7.900000000000000000e+01  8.269303131103515625e+01  2.353358306884765625e+02  3.484816589355468750e+02  2.618980000000000000e+05  4.678817187500000000e+04  3.442664062500000000e+04  2.045520117187500000e+04
7.800000000000000000e+01  8.929317474365234375e+01  2.509689636230468750e+02  3.412032165527343750e+02  2.565350000000000000e+05  4.567033203125000000e+04  3.361523828125000000e+04  1.993940234375000000e+04
7.700000000000000000e+01  9.512914276123046875e+01  2.691128540039062500e+02  3.340369567871093750e+02  2.499300000000000000e+05  4.458148046875000000e+04  3.281897656250000000e+04  1.943788476562500000e+04
7.600000000000000000e+01  1.019171752929687500e+02  2.815674133300781250e+02  3.200696411132812500e+02  2.435410000000000000e+05  4.351810937500000000e+04  3.204614453125000000e+04  1.895153320312500000e+04
7.500000000000000000e+01  1.090336761474609375e+02  2.911649780273437500e+02  3.074125366210937500e+02  2.362860000000000000e+05  4.247906640625000000e+04  3.129066015625000000e+04  1.847717382812500000e+04
7.400000000000000000e+01  1.149582519531250000e+02  3.008288574218750000e+02  2.970836486816406250e+02  2.281420000000000000e+05  4.146679296875000000e+04  3.055187109375000000e+04  1.801579296875000000e+04
7.300000000000000000e+01  1.188777389526367188e+02  3.121749572753906250e+02  2.891915893554687500e+02  2.179650000000000000e+05  4.028364062500000000e+04  2.969316015625000000e+04  1.747883007812500000e+04
7.200000000000000000e+01  1.257960510253906250e+02  3.206594543457031250e+02  2.777529602050781250e+02  2.090920000000000000e+05  3.932270703125000000e+04  2.899081250000000000e+04  1.704312109375000000e+04
7.100000000000000000e+01  1.413939208984375000e+02  3.219273071289062500e+02  2.530171356201171875e+02  1.956810000000000000e+05  3.820058593750000000e+04  2.817397460937500000e+04  1.653708007812500000e+04
7.000000000000000000e+01  1.554770050048828125e+02  3.223905944824218750e+02  2.405840301513671875e+02  1.891010000000000000e+05  3.711152343750000000e+04  2.738396093750000000e+04  1.604630957031250000e+04
6.900000000000000000e+01  1.508439788818359375e+02  3.278482360839843750e+02  2.437911834716796875e+02  1.823780000000000000e+05  3.605285546875000000e+04  2.661350976562500000e+04  1.557112597656250000e+04
6.800000000000000000e+01  1.366683197021484375e+02  3.371461181640625000e+02  2.351402282714843750e+02  1.692160000000000000e+05  3.485724218750000000e+04  2.574561914062500000e+04  1.503553613281250000e+04
6.700000000000000000e+01  1.225555725097656250e+02  3.445158996582031250e+02  2.274816284179687500e+02  1.528780000000000000e+05  3.370345312500000000e+04  2.490896484375000000e+04  1.451324902343750000e+04
6.600000000000000000e+01  1.108796081542968750e+02  3.553582153320312500e+02  2.268652496337890625e+02  1.408920000000000000e+05  3.259214257812500000e+04  2.409620898437500000e+04  1.400639453125000000e+04
6.500000000000000000e+01  1.057324066162109375e+02  3.659589538574218750e+02  2.246181945800781250e+02  1.310220000000000000e+05  3.151340429687500000e+04  2.330408398437500000e+04  1.352085742187500000e+04
6.400000000000000000e+01  9.978936004638671875e+01  3.735423583984375000e+02  2.162221069335937500e+02  1.206930000000000000e+05  3.032590039062500000e+04  2.242998828125000000e+04  1.299180273437500000e+04
6.300000000000000000e+01  9.753762054443359375e+01  3.869785461425781250e+02  2.151717071533203125e+02  1.105450000000000000e+05  2.918091992187500000e+04  2.158014062500000000e+04  1.247932910156250000e+04
6.200000000000000000e+01  9.972143554687500000e+01  3.996065979003906250e+02  2.011350555419921875e+02  1.031930000000000000e+05  2.794222460937500000e+04  2.066352148437500000e+04  1.193794335937500000e+04
6.100000000000000000e+01  9.933962249755859375e+01  3.955411071777343750e+02  1.710349731445312500e+02  9.304400000000000000e+04  2.676038867187500000e+04  1.979644921875000000e+04  1.143398242187500000e+04
6.000000000000000000e+01  1.003162078857421875e+02  3.940177307128906250e+02  1.570354919433593750e+02  9.481100000000000000e+04  2.599911914062500000e+04  1.924095703125000000e+04  1.110715917968750000e+04
5.900000000000000000e+01  1.005570602416992188e+02  3.910312500000000000e+02  1.483300933837890625e+02  9.122000000000000000e+04  2.550451171875000000e+04  1.887925585937500000e+04  1.089299511718750000e+04
5.800000000000000000e+01  1.003654098510742188e+02  3.856914367675781250e+02  1.292279815673828125e+02  9.630300000000000000e+04  2.430673437500000000e+04  1.800301367187500000e+04  1.037620605468750000e+04
5.700000000000000000e+01  9.960364532470703125e+01  3.796653747558593750e+02  1.142731170654296875e+02  9.954300000000000000e+04  2.316474609375000000e+04  1.716584765625000000e+04  9.884420898437500000e+03
5.600000000000000000e+01  9.844706726074218750e+01  3.766573181152343750e+02  9.978096771240234375e+01  8.581900000000000000e+04  2.207826757812500000e+04  1.636697851562500000e+04  9.417046875000000000e+03
5.400000000000000000e+01  9.883177185058593750e+01  3.707155456542968750e+02  8.112792205810546875e+01  7.223100000000000000e+04  2.074198242187500000e+04  1.538512988281250000e+04  8.843673828125000000e+03
5.200000000000000000e+01  9.902521514892578125e+01  3.494198303222656250e+02  5.849492263793945312e+01  5.531600000000000000e+04  1.911819335937500000e+04  1.418849609375000000e+04  8.144681152343750000e+03
5.100000000000000000e+01  9.784314727783203125e+01  3.395584106445312500e+02  5.037228393554687500e+01  4.625400000000000000e+04  1.831033789062500000e+04  1.359291210937500000e+04  7.796690429687500000e+03
5.000000000000000000e+01  9.660671234130859375e+01  3.287290954589843750e+02  4.222678375244140625e+01  3.821000000000000000e+04  1.745424218750000000e+04  1.296254785156250000e+04  7.427089843750000000e+03
4.900000000000000000e+01  9.526884460449218750e+01  3.267465515136718750e+02  3.993965911865234375e+01  3.648200000000000000e+04  1.728872656250000000e+04  1.284051269531250000e+04  7.356597167968750000e+03
4.800000000000000000e+01  9.233910369873046875e+01  3.157026672363281250e+02  3.069194030761718750e+01  3.094200000000000000e+04  1.664027734375000000e+04  1.236302343750000000e+04  7.081310546875000000e+03
4.700000000000000000e+01  9.012372589111328125e+01  3.007766723632812500e+02  2.106045150756835938e+01  2.624700000000000000e+04  1.586145410156250000e+04  1.179012011718750000e+04  6.750247070312500000e+03
4.600000000000000000e+01  8.985821533203125000e+01  2.885896301269531250e+02  1.129083061218261719e+01  2.398900000000000000e+04  1.511796777343750000e+04  1.124520800781250000e+04  6.434662109375000000e+03
4.500000000000000000e+01  8.932387542724609375e+01  2.820964965820312500e+02  7.118636608123779297e+00  2.250700000000000000e+04  1.475974804687500000e+04  1.098183886718750000e+04  6.281928710937500000e+03
4.400000000000000000e+01  8.865539550781250000e+01  2.778122863769531250e+02  4.622645854949951172e+00  2.424400000000000000e+04  1.447979882812500000e+04  1.077596582031250000e+04  6.162524414062500000e+03
4.300000000000000000e+01  8.702336120605468750e+01  2.663938903808593750e+02  -2.310826778411865234e+00  1.966200000000000000e+04  1.380325878906250000e+04  1.027754687500000000e+04  5.874592285156250000e+03
4.200000000000000000e+01  8.490775299072265625e+01  2.558506469726562500e+02  -8.240223884582519531e+00  1.105300000000000000e+04  1.315894531250000000e+04  9.802052734375000000e+03  5.599260253906250000e+03
4.100000000000000000e+01  8.397901153564453125e+01  2.527708435058593750e+02  -9.265540122985839844e+00  9.768000000000000000e+03  1.290922167968750000e+04  9.617836914062500000e+03  5.492057128906250000e+03
4.000000000000000000e+01  8.253688049316406250e+01  2.462673034667968750e+02  -1.413217353820800781e+01  8.744000000000000000e+03  1.254483691406250000e+04  9.347812500000000000e+03  5.337573730468750000e+03
3.900000000000000000e+01  7.951488494873046875e+01  2.372703094482421875e+02  -1.787813186645507812e+01  1.047100000000000000e+04  1.201752050781250000e+04  8.957666992187500000e+03  5.111877441406250000e+03
3.800000000000000000e+01  7.569073486328125000e+01  2.288244323730468750e+02  -2.370653343200683594e+01  8.292000000000000000e+03  1.145933691406250000e+04  8.541107421875000000e+03  4.874703613281250000e+03
3.700000000000000000e+01  7.098068237304687500e+01  2.200065307617187500e+02  -2.871328926086425781e+01  7.185000000000000000e+03  1.092776367187500000e+04  8.145437011718750000e+03  4.648963867187500000e+03
3.600000000000000000e+01  6.463158416748046875e+01  2.106135101318359375e+02  -3.199238204956054688e+01  1.369400000000000000e+04  1.042244140625000000e+04  7.769793945312500000e+03  4.432565917968750000e+03
3.500000000000000000e+01  6.378149414062500000e+01  2.092092437744140625e+02  -3.197423553466796875e+01  1.455500000000000000e+04  1.032382812500000000e+04  7.696543457031250000e+03  4.389922851562500000e+03
3.400000000000000000e+01  6.010112380981445312e+01  2.023002624511718750e+02  -3.419196701049804688e+01  1.571600000000000000e+04  9.939692382812500000e+03  7.410578125000000000e+03  4.225404296875000000e+03
3.300000000000000000e+01  5.629515075683593750e+01  1.947642211914062500e+02  -3.495658874511718750e+01  2.785400000000000000e+04  9.524388671875000000e+03  7.101881835937500000e+03  4.047042236328125000e+03
3.200000000000000000e+01  5.477303314208984375e+01  1.924084930419921875e+02  -3.552234268188476562e+01  2.530500000000000000e+04  9.390242187500000000e+03  7.001613769531250000e+03  3.989665039062500000e+03
3.100000000000000000e+01  5.235559844970703125e+01  1.863008117675781250e+02  -3.614628219604492188e+01  2.618600000000000000e+04  9.083855468750000000e+03  6.774089355468750000e+03  3.858633056640625000e+03
3.000000000000000000e+01  4.937782287597656250e+01  1.782681427001953125e+02  -3.625872421264648438e+01  2.111500000000000000e+04  8.662381835937500000e+03  6.460974609375000000e+03  3.677891601562500000e+03
2.900000000000000000e+01  4.726454162597656250e+01  1.709758758544921875e+02  -3.669404220581054688e+01  1.769700000000000000e+04  8.261052734375000000e+03  6.162397949218750000e+03  3.506334228515625000e+03
2.800000000000000000e+01  4.524434661865234375e+01  1.642038116455078125e+02  -3.643062210083007812e+01  3.089000000000000000e+04  7.915312011718750000e+03  5.905283691406250000e+03  3.358335693359375000e+03
