1.220000000000000000e+02  2.427490043640136719e+01  -4.745478153228759766e+00  -1.227180671691894531e+01
1.200000000000000000e+02  -2.905582427978515625e+01  -1.510807871818542480e+00  4.470554733276367188e+01
1.190000000000000000e+02  -4.289265060424804688e+01  -6.958543777465820312e+00  8.045273590087890625e+01
1.180000000000000000e+02  -4.792991638183593750e+01  -1.126484870910644531e+01  1.001028213500976562e+02
1.170000000000000000e+02  -5.480231857299804688e+01  -1.486285495758056641e+01  1.219369888305664062e+02
1.160000000000000000e+02  -5.885906219482421875e+01  -1.580565166473388672e+01  1.414986419677734375e+02
1.150000000000000000e+02  -6.190867614746093750e+01  -1.747801971435546875e+01  1.535154876708984375e+02
1.140000000000000000e+02  -6.513192749023437500e+01  -2.046193313598632812e+01  1.646427307128906250e+02
1.130000000000000000e+02  -6.546025848388671875e+01  -2.054585266113281250e+01  1.767849731445312500e+02
1.120000000000000000e+02  -6.449591827392578125e+01  -2.590118980407714844e+01  1.863545379638671875e+02
1.110000000000000000e+02  -6.191287994384765625e+01  -2.957414054870605469e+01  1.918902282714843750e+02
1.100000000000000000e+02  -6.049167633056640625e+01  -3.216585540771484375e+01  1.956620178222656250e+02
1.090000000000000000e+02  -5.706541442871093750e+01  -3.422452545166015625e+01  1.976041107177734375e+02
1.080000000000000000e+02  -5.224192047119140625e+01  -3.813302612304687500e+01  1.964082794189453125e+02
1.070000000000000000e+02  -4.515383148193359375e+01  -3.951738739013671875e+01  1.932123870849609375e+02
1.060000000000000000e+02  -3.858831405639648438e+01  -3.990729141235351562e+01  1.876613464355468750e+02
1.050000000000000000e+02  -3.146757507324218750e+01  -4.013401794433593750e+01  1.790382843017578125e+02
1.040000000000000000e+02  -2.383230590820312500e+01  -3.982605743408203125e+01  1.674633941650390625e+02
1.030000000000000000e+02  -1.541402053833007812e+01  -3.534332275390625000e+01  1.510397338867187500e+02
1.020000000000000000e+02  -7.360859870910644531e+00  -3.171811676025390625e+01  1.321260681152343750e+02
1.010000000000000000e+02  3.319470167160034180e+00  -2.787260437011718750e+01  1.089051666259765625e+02
1.000000000000000000e+02  2.414692687988281250e+01  -2.243429565429687500e+01  6.584352874755859375e+01
9.900000000000000000e+01  3.791605758666992188e+01  -1.384611415863037109e+01  1.771289062500000000e+01
9.800000000000000000e+01  3.784469604492187500e+01  1.779477447271347046e-01  -3.354828262329101562e+01
9.700000000000000000e+01  2.089064598083496094e+01  1.605918502807617188e+01  -7.726964569091796875e+01
9.600000000000000000e+01  -7.530822277069091797e+00  3.122731781005859375e+01  -1.209549560546875000e+02
9.500000000000000000e+01  -2.977290725708007812e+01  4.174599838256835938e+01  -1.480382080078125000e+02
9.400000000000000000e+01  -5.827974319458007812e+01  5.501126861572265625e+01  -1.812236633300781250e+02
9.300000000000000000e+01  -8.011679840087890625e+01  6.274372100830078125e+01  -2.044988250732421875e+02
9.200000000000000000e+01  -1.081919403076171875e+02  7.329447174072265625e+01  -2.316138153076171875e+02
9.100000000000000000e+01  -1.301149902343750000e+02  7.991393280029296875e+01  -2.490404052734375000e+02
9.000000000000000000e+01  -1.542551422119140625e+02  8.866297149658203125e+01  -2.717354431152343750e+02
8.900000000000000000e+01  -1.760722045898437500e+02  9.814897918701171875e+01  -2.880364074707031250e+02
8.800000000000000000e+01  -1.964483489990234375e+02  1.026168594360351562e+02  -3.049117736816406250e+02
8.700000000000000000e+01  -2.074512329101562500e+02  1.048779830932617188e+02  -3.150649108886718750e+02
8.600000000000000000e+01  -2.254319915771484375e+02  1.135437850952148438e+02  -3.306064758300781250e+02
8.500000000000000000e+01  -2.295207977294921875e+02  1.144817199707031250e+02  -3.335440979003906250e+02
8.400000000000000000e+01  -2.466791534423828125e+02  1.195869827270507812e+02  -3.426301879882812500e+02
8.300000000000000000e+01  -2.665898132324218750e+02  1.253173904418945312e+02  -3.558892822265625000e+02
8.200000000000000000e+01  -2.816680908203125000e+02  1.271633605957031250e+02  -3.640531005859375000e+02
8.100000000000000000e+01  -2.977514648437500000e+02  1.324146118164062500e+02  -3.739415893554687500e+02
8.000000000000000000e+01  -3.145045471191406250e+02  1.372110900878906250e+02  -3.852002868652343750e+02
7.900000000000000000e+01  -3.284208374023437500e+02  1.395515747070312500e+02  -3.912791748046875000e+02
7.800000000000000000e+01  -3.425226745605468750e+02  1.429288482666015625e+02  -4.005576782226562500e+02
7.700000000000000000e+01  -3.585172119140625000e+02  1.417640686035156250e+02  -4.071336669921875000e+02
7.600000000000000000e+01  -3.720333557128906250e+02  1.452219848632812500e+02  -4.157224121093750000e+02
7.500000000000000000e+01  -3.842117919921875000e+02  1.430618133544921875e+02  -4.221519775390625000e+02
7.400000000000000000e+01  -3.941363830566406250e+02  1.444639587402343750e+02  -4.262861633300781250e+02
7.300000000000000000e+01  -4.031093750000000000e+02  1.390742034912109375e+02  -4.305903625488281250e+02
7.200000000000000000e+01  -4.110831604003906250e+02  1.392083587646484375e+02  -4.377903442382812500e+02
7.100000000000000000e+01  -4.206478271484375000e+02  1.386293029785156250e+02  -4.426766052246093750e+02
7.000000000000000000e+01  -4.272873840332031250e+02  1.356212310791015625e+02  -4.423175048828125000e+02
6.900000000000000000e+01  -4.315696716308593750e+02  1.323605651855468750e+02  -4.436522827148437500e+02
6.800000000000000000e+01  -4.352856140136718750e+02  1.392023620605468750e+02  -4.486385192871093750e+02
6.700000000000000000e+01  -4.399457397460937500e+02  1.429868621826171875e+02  -4.500883178710937500e+02
6.600000000000000000e+01  -4.435142211914062500e+02  1.492889556884765625e+02  -4.536777343750000000e+02
6.500000000000000000e+01  -4.421350708007812500e+02  1.554696350097656250e+02  -4.577448425292968750e+02
6.400000000000000000e+01  -4.387289733886718750e+02  1.572719116210937500e+02  -4.651203918457031250e+02
6.300000000000000000e+01  -4.331129455566406250e+02  1.663121643066406250e+02  -4.652805480957031250e+02
6.200000000000000000e+01  -4.363584594726562500e+02  1.706881561279296875e+02  -4.629216613769531250e+02
6.100000000000000000e+01  -4.270286865234375000e+02  1.714601135253906250e+02  -4.601429138183593750e+02
5.900000000000000000e+01  -4.317538452148437500e+02  1.649462890625000000e+02  -4.419482116699218750e+02
5.800000000000000000e+01  -4.343138732910156250e+02  1.722115631103515625e+02  -4.504343261718750000e+02
5.700000000000000000e+01  -4.263061828613281250e+02  1.783836364746093750e+02  -4.622347412109375000e+02
5.600000000000000000e+01  -4.132727661132812500e+02  1.838579559326171875e+02  -4.710602416992187500e+02
5.400000000000000000e+01  -3.935842285156250000e+02  1.889393157958984375e+02  -4.725593566894531250e+02
5.200000000000000000e+01  -3.672008361816406250e+02  1.899492797851562500e+02  -4.674860839843750000e+02
5.100000000000000000e+01  -3.548730468750000000e+02  1.878508911132812500e+02  -4.627218933105468750e+02
5.000000000000000000e+01  -3.404433288574218750e+02  1.871317138671875000e+02  -4.562521057128906250e+02
4.900000000000000000e+01  -3.372050476074218750e+02  1.868712310791015625e+02  -4.542103271484375000e+02
4.800000000000000000e+01  -3.243240661621093750e+02  1.865065002441406250e+02  -4.474545898437500000e+02
4.700000000000000000e+01  -3.093166809082031250e+02  1.850196075439453125e+02  -4.396492919921875000e+02
4.600000000000000000e+01  -2.947956848144531250e+02  1.835067901611328125e+02  -4.308750000000000000e+02
4.500000000000000000e+01  -2.873096923828125000e+02  1.815919189453125000e+02  -4.251403808593750000e+02
4.400000000000000000e+01  -2.812504577636718750e+02  1.806881713867187500e+02  -4.213359985351562500e+02
4.300000000000000000e+01  -2.671209411621093750e+02  1.760420379638671875e+02  -4.104531860351562500e+02
4.200000000000000000e+01  -2.540119934082031250e+02  1.716330108642578125e+02  -3.987762145996093750e+02
4.100000000000000000e+01  -2.491321105957031250e+02  1.694648437500000000e+02  -3.937386779785156250e+02
4.000000000000000000e+01  -2.412502288818359375e+02  1.668536224365234375e+02  -3.868052062988281250e+02
3.900000000000000000e+01  -2.309716949462890625e+02  1.628721313476562500e+02  -3.757348022460937500e+02
3.800000000000000000e+01  -2.197688903808593750e+02  1.578344268798828125e+02  -3.641076354980468750e+02
3.700000000000000000e+01  -2.077442016601562500e+02  1.530199127197265625e+02  -3.522005920410156250e+02
3.600000000000000000e+01  1.975998343137547408e+02  1.485518465550680105e+02  -3.405786695517797966e+02
3.500000000000000000e+01  1.959976229614916008e+02  1.473942997727000090e+02  -3.384863793117356181e+02
3.400000000000000000e+01  1.879014666171305237e+02  1.448787016617764891e+02  -3.298282015753088103e+02
3.300000000000000000e+01  1.788174889512340826e+02  1.406447342675363075e+02  -3.191835470114194209e+02
3.200000000000000000e+01  1.758557823347877616e+02  1.403596771595104542e+02  -3.159795689335226143e+02
3.100000000000000000e+01  1.689050822206626776e+02  1.377126550228632311e+02  -3.076440447846187567e+02
3.000000000000000000e+01  1.602437621678336370e+02  1.340102227082999491e+02  -2.962317885458139699e+02
2.900000000000000000e+01  1.527426241388842527e+02  1.288705951360144866e+02  -2.856869064768726503e+02
2.800000000000000000e+01  1.462057937707372162e+02  1.252739115475701084e+02  -2.757077753494828585e+02
2.700000000000000000e+01  1.398722499792255292e+02  1.205690322731427528e+02  -2.658396019221580673e+02
2.600000000000000000e+01  1.331830932027416168e+02  1.162774717722058000e+02  -2.560293189674371774e+02
