1.220000000000000000e+02  6.145690917968750000e+00  1.808501815795898438e+01  1.733285903930664062e+01  3.650540000000000000e+05  4.380320800781250000e+03  4.406799218750000000e+04  3.559400000000000000e+04
1.200000000000000000e+02  1.889813232421875000e+01  -4.373927688598632812e+01  -3.398854446411132812e+01  3.604000000000000000e+05  4.227539550781250000e+03  4.306037890625000000e+04  3.483358593750000000e+04
1.190000000000000000e+02  4.504377746582031250e+01  -7.216233825683593750e+01  -4.933575439453125000e+01  3.568320000000000000e+05  4.127580078125000000e+03  4.246241796875000000e+04  3.437948828125000000e+04
1.180000000000000000e+02  6.225056457519531250e+01  -8.513581848144531250e+01  -5.547338104248046875e+01  3.539940000000000000e+05  4.061270019531250000e+03  4.206485937500000000e+04  3.407753125000000000e+04
1.170000000000000000e+02  8.371846008300781250e+01  -9.876593017578125000e+01  -6.059368896484375000e+01  3.498710000000000000e+05  3.967284423828125000e+03  4.147530859375000000e+04  3.362749609375000000e+04
1.160000000000000000e+02  1.002578964233398438e+02  -1.114841766357421875e+02  -6.106929016113281250e+01  3.488660000000000000e+05  3.877996826171875000e+03  4.089392968750000000e+04  3.318329687500000000e+04
1.150000000000000000e+02  1.099135894775390625e+02  -1.160495223999023438e+02  -6.235395812988281250e+01  3.459090000000000000e+05  3.818966796875000000e+03  4.050962500000000000e+04  3.289014062500000000e+04
1.140000000000000000e+02  1.203822021484375000e+02  -1.219038009643554688e+02  -6.099915695190429688e+01  3.383430000000000000e+05  3.731386230468750000e+03  3.993767187500000000e+04  3.245442968750000000e+04
1.130000000000000000e+02  1.346079406738281250e+02  -1.266549530029296875e+02  -5.738311386108398438e+01  3.342640000000000000e+05  3.649713623046875000e+03  3.937372265625000000e+04  3.202417578125000000e+04
1.120000000000000000e+02  1.433227233886718750e+02  -1.279693374633789062e+02  -5.500297164916992188e+01  3.289790000000000000e+05  3.569789794921875000e+03  3.881917187500000000e+04  3.160098828125000000e+04
1.110000000000000000e+02  1.437229003906250000e+02  -1.290451812744140625e+02  -5.468375396728515625e+01  3.253700000000000000e+05  3.493583496093750000e+03  3.826894140625000000e+04  3.118570507812500000e+04
1.100000000000000000e+02  1.472661895751953125e+02  -1.288306121826171875e+02  -5.249379348754882812e+01  3.268080000000000000e+05  3.443420166015625000e+03  3.790606250000000000e+04  3.091032031250000000e+04
1.090000000000000000e+02  1.505680084228515625e+02  -1.243830108642578125e+02  -4.905930709838867188e+01  3.273780000000000000e+05  3.370057373046875000e+03  3.736604687500000000e+04  3.050108984375000000e+04
1.080000000000000000e+02  1.461112060546875000e+02  -1.209864501953125000e+02  -4.176757431030273438e+01  3.248940000000000000e+05  3.300480224609375000e+03  3.683342578125000000e+04  3.009704882812500000e+04
1.070000000000000000e+02  1.449830474853515625e+02  -1.166296310424804688e+02  -3.643039703369140625e+01  3.212060000000000000e+05  3.231405273437500000e+03  3.630671484375000000e+04  2.969887304687500000e+04
1.060000000000000000e+02  1.388361663818359375e+02  -1.083456573486328125e+02  -2.885275077819824219e+01  3.181520000000000000e+05  3.164106689453125000e+03  3.578552343750000000e+04  2.930406835937500000e+04
1.050000000000000000e+02  1.293910980224609375e+02  -9.371314239501953125e+01  -1.763625526428222656e+01  3.143410000000000000e+05  3.098687500000000000e+03  3.527064062500000000e+04  2.891297265625000000e+04
1.040000000000000000e+02  1.186616439819335938e+02  -7.762261962890625000e+01  -2.883232831954956055e+00  3.101970000000000000e+05  3.036726074218750000e+03  3.476130468750000000e+04  2.852353906250000000e+04
1.030000000000000000e+02  9.868877410888671875e+01  -5.741536331176757812e+01  1.520013904571533203e+01  3.058410000000000000e+05  2.978451171875000000e+03  3.425831640625000000e+04  2.813650390625000000e+04
1.020000000000000000e+02  6.343828201293945312e+01  -3.862222290039062500e+01  3.537944030761718750e+01  3.036580000000000000e+05  2.926171142578125000e+03  3.376098828125000000e+04  2.775422460937500000e+04
1.010000000000000000e+02  2.734784126281738281e+01  -9.321965217590332031e+00  5.033789443969726562e+01  3.009930000000000000e+05  2.878734375000000000e+03  3.326570312500000000e+04  2.737958007812500000e+04
1.000000000000000000e+02  -3.886305236816406250e+01  3.451050949096679688e+01  4.300258636474609375e+01  2.982830000000000000e+05  2.823730712890625000e+03  3.261603710937500000e+04  2.689817382812500000e+04
9.900000000000000000e+01  -7.917562866210937500e+01  6.018495178222656250e+01  2.394693946838378906e+01  2.956690000000000000e+05  2.782172363281250000e+03  3.213900000000000000e+04  2.654981835937500000e+04
9.800000000000000000e+01  -1.107474517822265625e+02  8.319057464599609375e+01  7.562779188156127930e-01  2.934080000000000000e+05  2.740124267578125000e+03  3.167170507812500000e+04  2.620776367187500000e+04
9.700000000000000000e+01  -1.401020507812500000e+02  1.044589233398437500e+02  -2.469774436950683594e+01  2.897740000000000000e+05  2.697022949218750000e+03  3.121128515625000000e+04  2.587258398437500000e+04
9.600000000000000000e+01  -1.833272399902343750e+02  1.287593078613281250e+02  -5.283285903930664062e+01  2.893560000000000000e+05  2.644479003906250000e+03  3.060422851562500000e+04  2.542923828125000000e+04
9.500000000000000000e+01  -2.107791748046875000e+02  1.427346954345703125e+02  -7.194502258300781250e+01  2.864010000000000000e+05  2.603272216796875000e+03  3.015767578125000000e+04  2.510068554687500000e+04
9.400000000000000000e+01  -2.404487152099609375e+02  1.616808624267578125e+02  -9.432904815673828125e+01  3.250510000000000000e+05  2.545305175781250000e+03  2.957205664062500000e+04  2.466633593750000000e+04
9.300000000000000000e+01  -2.580346679687500000e+02  1.750749664306640625e+02  -1.099459609985351562e+02  3.218230000000000000e+05  2.500760253906250000e+03  2.914111328125000000e+04  2.434313671875000000e+04
9.200000000000000000e+01  -2.779193115234375000e+02  1.929653015136718750e+02  -1.289089202880859375e+02  3.184390000000000000e+05  2.442495605468750000e+03  2.857723828125000000e+04  2.392022851562500000e+04
9.100000000000000000e+01  -2.921613769531250000e+02  2.043524475097656250e+02  -1.482324829101562500e+02  3.169490000000000000e+05  2.399375732421875000e+03  2.816422656250000000e+04  2.361214062500000000e+04
9.000000000000000000e+01  -3.107401428222656250e+02  2.200495910644531250e+02  -1.709455718994140625e+02  3.143660000000000000e+05  2.340740234375000000e+03  2.762118164062500000e+04  2.320531054687500000e+04
8.900000000000000000e+01  -3.298810119628906250e+02  2.304591064453125000e+02  -1.883156585693359375e+02  3.111330000000000000e+05  2.284313720703125000e+03  2.709026757812500000e+04  2.280383398437500000e+04
8.800000000000000000e+01  -3.477455749511718750e+02  2.374984130859375000e+02  -2.046652832031250000e+02  3.104340000000000000e+05  2.229320800781250000e+03  2.657085156250000000e+04  2.240788281250000000e+04
8.700000000000000000e+01  -3.616991271972656250e+02  2.416847534179687500e+02  -2.179187927246093750e+02  3.208200000000000000e+05  2.189487792968750000e+03  2.618810156250000000e+04  2.211655664062500000e+04
8.600000000000000000e+01  -3.738669738769531250e+02  2.479635772705078125e+02  -2.325808105468750000e+02  3.160340000000000000e+05  2.135398437500000000e+03  2.568685156250000000e+04  2.173251171875000000e+04
8.500000000000000000e+01  -3.758616638183593750e+02  2.498628997802734375e+02  -2.352668914794921875e+02  3.162590000000000000e+05  2.121694091796875000e+03  2.556279492187500000e+04  2.163657617187500000e+04
8.400000000000000000e+01  -3.878036193847656250e+02  2.588443603515625000e+02  -2.475371551513671875e+02  3.129930000000000000e+05  2.070107177734375000e+03  2.507233984375000000e+04  2.125877343750000000e+04
8.300000000000000000e+01  -4.024976501464843750e+02  2.651690673828125000e+02  -2.576906127929687500e+02  3.089920000000000000e+05  2.021586547851562500e+03  2.459196093750000000e+04  2.088763281250000000e+04
8.200000000000000000e+01  -4.144784851074218750e+02  2.692730712890625000e+02  -2.696168823242187500e+02  2.906040000000000000e+05  1.973068115234375000e+03  2.412178906250000000e+04  2.052677343750000000e+04
8.100000000000000000e+01  -4.198322143554687500e+02  2.749911804199218750e+02  -2.833916625976562500e+02  2.980670000000000000e+05  1.920715820312500000e+03  2.366041015625000000e+04  2.017215234375000000e+04
8.000000000000000000e+01  -4.257480773925781250e+02  2.851156005859375000e+02  -2.959775085449218750e+02  2.922770000000000000e+05  1.858563720703125000e+03  2.309406835937500000e+04  1.973226367187500000e+04
7.900000000000000000e+01  -4.327581787109375000e+02  2.944844055175781250e+02  -3.036655273437500000e+02  2.842210000000000000e+05  1.813190551757812500e+03  2.265073828125000000e+04  1.938588867187500000e+04
7.800000000000000000e+01  -4.480160827636718750e+02  2.961023559570312500e+02  -3.110813598632812500e+02  2.760590000000000000e+05  1.757505004882812500e+03  2.211216796875000000e+04  1.896169531250000000e+04
7.700000000000000000e+01  -4.552240905761718750e+02  2.885293579101562500e+02  -3.137437744140625000e+02  2.671430000000000000e+05  1.704699584960937500e+03  2.158623242187500000e+04  1.854545117187500000e+04
7.600000000000000000e+01  -4.578049621582031250e+02  2.849690856933593750e+02  -3.188847961425781250e+02  2.546140000000000000e+05  1.653119873046875000e+03  2.107460546875000000e+04  1.813926562500000000e+04
7.500000000000000000e+01  -4.640468750000000000e+02  2.863256225585937500e+02  -3.255522460937500000e+02  2.450870000000000000e+05  1.605102172851562500e+03  2.057625000000000000e+04  1.774202539062500000e+04
7.400000000000000000e+01  -4.658336181640625000e+02  2.864924926757812500e+02  -3.301712341308593750e+02  2.373830000000000000e+05  1.557834960937500000e+03  2.009153125000000000e+04  1.735178320312500000e+04
7.300000000000000000e+01  -4.686462402343750000e+02  2.949784545898437500e+02  -3.304623718261718750e+02  2.272570000000000000e+05  1.507417968750000000e+03  1.952259960937500000e+04  1.689137695312500000e+04
7.200000000000000000e+01  -4.759285278320312500e+02  3.004639892578125000e+02  -3.325341186523437500e+02  2.200350000000000000e+05  1.468281982421875000e+03  1.906412109375000000e+04  1.651897656250000000e+04
7.100000000000000000e+01  -4.868383789062500000e+02  3.107030029296875000e+02  -3.367565307617187500e+02  2.108810000000000000e+05  1.420058227539062500e+03  1.853013671875000000e+04  1.608759472656250000e+04
7.000000000000000000e+01  -5.049080505371093750e+02  3.173976745605468750e+02  -3.446426086425781250e+02  2.013310000000000000e+05  1.371598144531250000e+03  1.801073242187500000e+04  1.566994531250000000e+04
6.900000000000000000e+01  -5.172019653320312500e+02  3.169423828125000000e+02  -3.497956237792968750e+02  1.935040000000000000e+05  1.320453735351562500e+03  1.750308203125000000e+04  1.526303613281250000e+04
6.800000000000000000e+01  -5.207500000000000000e+02  3.168793029785156250e+02  -3.515334167480468750e+02  1.857740000000000000e+05  1.259289306640625000e+03  1.692529882812500000e+04  1.479850781250000000e+04
6.700000000000000000e+01  -5.217834472656250000e+02  3.186545104980468750e+02  -3.487480773925781250e+02  1.767790000000000000e+05  1.199595703125000000e+03  1.636223828125000000e+04  1.434372363281250000e+04
6.600000000000000000e+01  -5.233603515625000000e+02  3.198495483398437500e+02  -3.457636718750000000e+02  1.764550000000000000e+05  1.147339477539062500e+03  1.581922558593750000e+04  1.390261132812500000e+04
6.500000000000000000e+01  -5.231378784179687500e+02  3.175318603515625000e+02  -3.384926147460937500e+02  1.644090000000000000e+05  1.098990234375000000e+03  1.529543652343750000e+04  1.347047460937500000e+04
6.400000000000000000e+01  -5.307888183593750000e+02  3.071025695800781250e+02  -3.405391235351562500e+02  1.546420000000000000e+05  1.054540039062500000e+03  1.472687304687500000e+04  1.300255078125000000e+04
6.300000000000000000e+01  -5.328249511718750000e+02  2.962020568847656250e+02  -3.356109008789062500e+02  1.442850000000000000e+05  1.008148620605468750e+03  1.418101953125000000e+04  1.254383105468750000e+04
6.200000000000000000e+01  -5.298963623046875000e+02  2.818811645507812500e+02  -3.256902465820312500e+02  1.358230000000000000e+05  9.569570922851562500e+02  1.359200390625000000e+04  1.204276367187500000e+04
6.100000000000000000e+01  -5.240438232421875000e+02  2.678315734863281250e+02  -3.149497985839843750e+02  1.301100000000000000e+05  9.070771484375000000e+02  1.302666503906250000e+04  1.155892871093750000e+04
6.000000000000000000e+01  -5.176848144531250000e+02  2.565605468750000000e+02  -3.083148193359375000e+02  1.441140000000000000e+05  8.730068969726562500e+02  1.266330175781250000e+04  1.124807714843750000e+04
5.900000000000000000e+01  -5.136151123046875000e+02  2.515610961914062500e+02  -3.031225891113281250e+02  1.405710000000000000e+05  8.522733154296875000e+02  1.242686718750000000e+04  1.104499121093750000e+04
5.800000000000000000e+01  -5.023503417968750000e+02  2.376345825195312500e+02  -2.907243957519531250e+02  1.409580000000000000e+05  8.031875610351562500e+02  1.185431640625000000e+04  1.055309863281250000e+04
5.700000000000000000e+01  -4.881790466308593750e+02  2.216371307373046875e+02  -2.796323852539062500e+02  1.665720000000000000e+05  7.567300415039062500e+02  1.130699316406250000e+04  1.008201953125000000e+04
5.600000000000000000e+01  -4.763891601562500000e+02  2.023687896728515625e+02  -2.708030700683593750e+02  1.474000000000000000e+05  7.148672485351562500e+02  1.078605859375000000e+04  9.629762695312500000e+03
5.400000000000000000e+01  -4.538524475097656250e+02  1.906500396728515625e+02  -2.529334411621093750e+02  1.352050000000000000e+05  6.615696411132812500e+02  1.014157128906250000e+04  9.070467773437500000e+03
5.200000000000000000e+01  -4.319640197753906250e+02  1.766593017578125000e+02  -2.318330078125000000e+02  1.101780000000000000e+05  6.004090576171875000e+02  9.357517578125000000e+03  8.384804687500000000e+03
5.100000000000000000e+01  -4.243440551757812500e+02  1.701142120361328125e+02  -2.197224426269531250e+02  1.017700000000000000e+05  5.743829345703125000e+02  8.967230468750000000e+03  8.041639160156250000e+03
5.000000000000000000e+01  -4.132156677246093750e+02  1.628917541503906250e+02  -2.068804626464843750e+02  8.860600000000000000e+04  5.451223144531250000e+02  8.554629882812500000e+03  7.676162109375000000e+03
4.900000000000000000e+01  -4.107201232910156250e+02  1.616344451904296875e+02  -2.043091430664062500e+02  8.731700000000000000e+04  5.391333618164062500e+02  8.473947265625000000e+03  7.604945312500000000e+03
4.800000000000000000e+01  -4.000745544433593750e+02  1.565019531250000000e+02  -1.960172424316406250e+02  7.700500000000000000e+04  5.159562988281250000e+02  8.158174804687500000e+03  7.327114257812500000e+03
4.700000000000000000e+01  -3.859374694824218750e+02  1.519680023193359375e+02  -1.862415313720703125e+02  8.245800000000000000e+04  4.884664306640625000e+02  7.779282226562500000e+03  6.994128417968750000e+03
4.600000000000000000e+01  -3.712494812011718750e+02  1.463909759521484375e+02  -1.805305023193359375e+02  7.235000000000000000e+04  4.624227600097656250e+02  7.419053222656250000e+03  6.676614257812500000e+03
4.500000000000000000e+01  -3.633216552734375000e+02  1.432385711669921875e+02  -1.776240081787109375e+02  7.512700000000000000e+04  4.492498168945312500e+02  7.245664062500000000e+03  6.523015136718750000e+03
4.400000000000000000e+01  -3.573991699218750000e+02  1.405851287841796875e+02  -1.757642059326171875e+02  6.958500000000000000e+04  4.391500244140625000e+02  7.109439453125000000e+03  6.402929687500000000e+03
4.300000000000000000e+01  -3.445118713378906250e+02  1.372623596191406250e+02  -1.690884552001953125e+02  5.583500000000000000e+04  4.159450988769531250e+02  6.779122070312500000e+03  6.111627441406250000e+03
4.200000000000000000e+01  -3.326643676757812500e+02  1.309486083984375000e+02  -1.661314086914062500e+02  5.291200000000000000e+04  3.946675415039062500e+02  6.464978027343750000e+03  5.834266113281250000e+03
4.100000000000000000e+01  -3.278666992187500000e+02  1.288733520507812500e+02  -1.648927307128906250e+02  5.813000000000000000e+04  3.867104187011718750e+02  6.343191894531250000e+03  5.727111328125000000e+03
4.000000000000000000e+01  -3.215007019042968750e+02  1.253264923095703125e+02  -1.616858062744140625e+02  6.778800000000000000e+04  3.752323608398437500e+02  6.165101074218750000e+03  5.569398925781250000e+03
3.900000000000000000e+01  -3.104587097167968750e+02  1.201509323120117188e+02  -1.566011657714843750e+02  7.951100000000000000e+04  3.581019897460937500e+02  5.907440917968750000e+03  5.340334960937500000e+03
3.800000000000000000e+01  -2.998788146972656250e+02  1.144060592651367188e+02  -1.535323486328125000e+02  6.759000000000000000e+04  3.405263671875000000e+02  5.633878906250000000e+03  5.098305175781250000e+03
3.700000000000000000e+01  -2.894176940917968750e+02  1.092566528320312500e+02  -1.487354736328125000e+02  5.846900000000000000e+04  3.242640380859375000e+02  5.373239257812500000e+03  4.866505371093750000e+03
3.600000000000000000e+01  -2.798041992187500000e+02  1.052193908691406250e+02  -1.441019439697265625e+02  5.583300000000000000e+04  3.088793945312500000e+02  5.124051757812500000e+03  4.645438964843750000e+03
3.500000000000000000e+01  -2.782745666503906250e+02  1.042856521606445312e+02  -1.430504302978515625e+02  5.342200000000000000e+04  3.058975524902343750e+02  5.075736328125000000e+03  4.602219238281250000e+03
3.400000000000000000e+01  -2.694311218261718750e+02  1.004389724731445312e+02  -1.386334838867187500e+02  8.154600000000000000e+04  2.938155517578125000e+02  4.887033691406250000e+03  4.433768554687500000e+03
3.300000000000000000e+01  -2.606976928710937500e+02  9.642298889160156250e+01  -1.341714630126953125e+02  6.748300000000000000e+04  2.812055969238281250e+02  4.683152343750000000e+03  4.251284179687500000e+03
3.200000000000000000e+01  -2.578695068359375000e+02  9.556418609619140625e+01  -1.327137908935546875e+02  6.456300000000000000e+04  2.768747253417968750e+02  4.616895507812500000e+03  4.192324218750000000e+03
3.100000000000000000e+01  -2.513139495849609375e+02  9.307694244384765625e+01  -1.294733886718750000e+02  6.008300000000000000e+04  2.673318176269531250e+02  4.466558593750000000e+03  4.057975830078125000e+03
3.000000000000000000e+01  -2.418984527587890625e+02  8.920111083984375000e+01  -1.246200180053710938e+02  6.815500000000000000e+04  2.542784423828125000e+02  4.260052734375000000e+03  3.872566406250000000e+03
2.900000000000000000e+01  -2.326557617187500000e+02  8.484369659423828125e+01  -1.201835403442382812e+02  4.669900000000000000e+04  2.420954284667968750e+02  4.063048095703125000e+03  3.695566162109375000e+03
2.800000000000000000e+01  -2.246613922119140625e+02  8.220826721191406250e+01  -1.160202713012695312e+02  5.640300000000000000e+04  2.314421386718750000e+02  3.893407470703125000e+03  3.543035156250000000e+03
2.700000000000000000e+01  -2.159508666992187500e+02  7.783853912353515625e+01  -1.113653717041015625e+02  5.901800000000000000e+04  2.203286743164062500e+02  3.713354003906250000e+03  3.380975097656250000e+03
