1.220000000000000000e+02  -2.316030693054199219e+01  8.274928092956542969e+00  -5.279344916343688965e-01
1.210000000000000000e+02  -3.404006576538085938e+01  1.718690681457519531e+01  1.582958221435546875e+01
1.200000000000000000e+02  -3.689429855346679688e+01  1.669651222229003906e+01  4.053923797607421875e+01
1.190000000000000000e+02  -2.760115814208984375e+01  1.074336528778076172e+01  5.843143463134765625e+01
1.180000000000000000e+02  -1.508466815948486328e+01  6.437460422515869141e+00  6.308812713623046875e+01
1.170000000000000000e+02  1.400169277191162109e+01  -1.040199041366577148e+00  5.033336639404296875e+01
1.160000000000000000e+02  4.022017288208007812e+01  -5.856735229492187500e+00  7.340852260589599609e+00
1.150000000000000000e+02  4.005869674682617188e+01  -6.891420841217041016e+00  -2.662554740905761719e+01
1.140000000000000000e+02  2.231351661682128906e+01  -6.122899532318115234e+00  -7.199588775634765625e+01
1.130000000000000000e+02  -7.750754356384277344e-01  -3.100301742553710938e+00  -1.043747100830078125e+02
1.120000000000000000e+02  -2.821029281616210938e+01  -4.225697994232177734e+00  -1.251842193603515625e+02
1.110000000000000000e+02  -5.738223266601562500e+01  -4.767101287841796875e+00  -1.392576141357421875e+02
1.100000000000000000e+02  -7.375148010253906250e+01  -4.948945999145507812e+00  -1.439725799560546875e+02
1.090000000000000000e+02  -9.286009979248046875e+01  -4.565514564514160156e+00  -1.455708160400390625e+02
1.080000000000000000e+02  -1.066682357788085938e+02  -7.344402790069580078e+00  -1.383981933593750000e+02
1.070000000000000000e+02  -1.141307296752929688e+02  -1.182043838500976562e+01  -1.215424346923828125e+02
1.060000000000000000e+02  -1.113563232421875000e+02  -2.635108184814453125e+01  -9.139979553222656250e+01
1.050000000000000000e+02  -9.954885101318359375e+01  -3.939007568359375000e+01  -5.965126037597656250e+01
1.040000000000000000e+02  -8.379910278320312500e+01  -3.699477767944335938e+01  -2.678691673278808594e+01
1.030000000000000000e+02  -5.955464172363281250e+01  -2.906115150451660156e+01  1.211858081817626953e+01
1.020000000000000000e+02  -2.095615768432617188e+01  -1.228735828399658203e+01  4.842153549194335938e+01
1.000000000000000000e+02  8.753318786621093750e+01  3.777029418945312500e+01  7.328025817871093750e+01
9.900000000000000000e+01  1.261978378295898438e+02  5.566257476806640625e+01  7.302272033691406250e+01
9.800000000000000000e+01  1.546947631835937500e+02  6.951683044433593750e+01  5.701257705688476562e+01
9.700000000000000000e+01  1.821351013183593750e+02  7.748514556884765625e+01  3.666790771484375000e+01
9.600000000000000000e+01  2.168052520751953125e+02  8.484806060791015625e+01  1.993791198730468750e+01
9.500000000000000000e+01  2.394463043212890625e+02  8.639057159423828125e+01  1.191169166564941406e+01
9.400000000000000000e+01  2.697675170898437500e+02  8.718724060058593750e+01  1.301785945892333984e+00
9.300000000000000000e+01  2.924436035156250000e+02  8.912754821777343750e+01  -4.090197563171386719e+00
9.200000000000000000e+01  3.218076171875000000e+02  9.163086700439453125e+01  -7.222103118896484375e+00
9.100000000000000000e+01  3.382453308105468750e+02  9.503314208984375000e+01  -9.430699348449707031e+00
9.000000000000000000e+01  3.580713500976562500e+02  1.045191345214843750e+02  -1.542424011230468750e+01
8.900000000000000000e+01  3.752109985351562500e+02  1.147028198242187500e+02  -2.636263275146484375e+01
8.800000000000000000e+01  3.903748474121093750e+02  1.244515075683593750e+02  -3.669308471679687500e+01
8.700000000000000000e+01  3.995678100585937500e+02  1.283975067138671875e+02  -4.208005523681640625e+01
8.600000000000000000e+01  4.139248352050781250e+02  1.339599151611328125e+02  -4.525087356567382812e+01
8.500000000000000000e+01  4.175322875976562500e+02  1.357274017333984375e+02  -4.641331100463867188e+01
8.400000000000000000e+01  4.311537475585937500e+02  1.406428222656250000e+02  -5.203887557983398438e+01
8.300000000000000000e+01  4.437930603027343750e+02  1.456126251220703125e+02  -6.057310104370117188e+01
8.200000000000000000e+01  4.523074035644531250e+02  1.476555328369140625e+02  -6.804983520507812500e+01
8.100000000000000000e+01  4.630789794921875000e+02  1.541607208251953125e+02  -7.138485717773437500e+01
8.000000000000000000e+01  4.786833496093750000e+02  1.608015899658203125e+02  -6.508467102050781250e+01
7.900000000000000000e+01  4.906687622070312500e+02  1.637518157958984375e+02  -5.966927719116210938e+01
7.800000000000000000e+01  5.007871704101562500e+02  1.645710296630859375e+02  -5.789283370971679688e+01
7.700000000000000000e+01  5.068674621582031250e+02  1.618810577392578125e+02  -5.853078079223632812e+01
7.600000000000000000e+01  5.099524841308593750e+02  1.598471984863281250e+02  -5.864110565185546875e+01
7.500000000000000000e+01  5.119752502441406250e+02  1.578472595214843750e+02  -6.497106170654296875e+01
7.400000000000000000e+01  5.127744750976562500e+02  1.558763275146484375e+02  -8.296396636962890625e+01
7.300000000000000000e+01  5.082047729492187500e+02  1.529977722167968750e+02  -1.105841598510742188e+02
7.200000000000000000e+01  5.087428283691406250e+02  1.550670623779296875e+02  -1.277352752685546875e+02
7.100000000000000000e+01  5.072922058105468750e+02  1.562178497314453125e+02  -1.404929504394531250e+02
7.000000000000000000e+01  5.088189392089843750e+02  1.582467193603515625e+02  -1.517917633056640625e+02
6.900000000000000000e+01  5.160822143554687500e+02  1.591530456542968750e+02  -1.663515777587890625e+02
6.800000000000000000e+01  5.155947265625000000e+02  1.572705993652343750e+02  -1.845651702880859375e+02
6.700000000000000000e+01  5.123074951171875000e+02  1.562997436523437500e+02  -1.988962402343750000e+02
6.600000000000000000e+01  5.119118347167968750e+02  1.519433746337890625e+02  -2.130329742431640625e+02
6.500000000000000000e+01  5.109415283203125000e+02  1.470686950683593750e+02  -2.196038970947265625e+02
6.400000000000000000e+01  5.041729431152343750e+02  1.481471405029296875e+02  -2.213962707519531250e+02
6.300000000000000000e+01  4.935992431640625000e+02  1.486454467773437500e+02  -2.065896301269531250e+02
6.200000000000000000e+01  4.838879394531250000e+02  1.400155181884765625e+02  -1.972739257812500000e+02
6.100000000000000000e+01  4.719479370117187500e+02  1.382122497558593750e+02  -1.989441528320312500e+02
6.000000000000000000e+01  4.614020996093750000e+02  1.389022827148437500e+02  -2.024009399414062500e+02
5.900000000000000000e+01  4.537109680175781250e+02  1.392434692382812500e+02  -2.032077026367187500e+02
5.800000000000000000e+01  4.350256042480468750e+02  1.427033386230468750e+02  -2.008185882568359375e+02
5.700000000000000000e+01  4.145537109375000000e+02  1.399026794433593750e+02  -1.930583496093750000e+02
5.600000000000000000e+01  3.935973815917968750e+02  1.356761016845703125e+02  -1.858119812011718750e+02
5.400000000000000000e+01  3.694380493164062500e+02  1.292435913085937500e+02  -1.781550750732421875e+02
5.200000000000000000e+01  3.434791564941406250e+02  1.179003906250000000e+02  -1.689450683593750000e+02
5.100000000000000000e+01  3.306974182128906250e+02  1.127114639282226562e+02  -1.651300201416015625e+02
5.000000000000000000e+01  3.166072387695312500e+02  1.071823272705078125e+02  -1.594251403808593750e+02
4.900000000000000000e+01  3.137755737304687500e+02  1.060705490112304688e+02  -1.593000946044921875e+02
4.800000000000000000e+01  3.032222900390625000e+02  1.029572143554687500e+02  -1.557577514648437500e+02
4.700000000000000000e+01  2.902627868652343750e+02  9.991732788085937500e+01  -1.531359710693359375e+02
4.600000000000000000e+01  2.770516357421875000e+02  1.000039215087890625e+02  -1.472303771972656250e+02
4.500000000000000000e+01  2.702177429199218750e+02  9.885928344726562500e+01  -1.451685028076171875e+02
4.400000000000000000e+01  2.657433166503906250e+02  9.825539398193359375e+01  -1.437211761474609375e+02
4.300000000000000000e+01  2.527662963867187500e+02  9.703963470458984375e+01  -1.401568298339843750e+02
4.200000000000000000e+01  2.392126770019531250e+02  9.555018615722656250e+01  -1.365238494873046875e+02
4.100000000000000000e+01  2.348150482177734375e+02  9.447196960449218750e+01  -1.352598724365234375e+02
4.000000000000000000e+01  2.279033966064453125e+02  9.313457489013671875e+01  -1.331184692382812500e+02
3.900000000000000000e+01  2.190661773681640625e+02  9.026877593994140625e+01  -1.292189483642578125e+02
3.800000000000000000e+01  2.086737670898437500e+02  8.771508026123046875e+01  -1.251119995117187500e+02
3.700000000000000000e+01  1.990435638427734375e+02  8.523361206054687500e+01  -1.203121185302734375e+02
3.600000000000000000e+01  1.893507843017578125e+02  8.261968994140625000e+01  -1.164467544555664062e+02
3.500000000000000000e+01  1.872494049072265625e+02  8.207743072509765625e+01  -1.152799911499023438e+02
3.400000000000000000e+01  1.807221069335937500e+02  7.947477722167968750e+01  -1.124061355590820312e+02
3.300000000000000000e+01  1.730748138427734375e+02  7.708327484130859375e+01  -1.089973297119140625e+02
3.200000000000000000e+01  1.705703277587890625e+02  7.658868408203125000e+01  -1.076822738647460938e+02
3.100000000000000000e+01  1.651159210205078125e+02  7.519429779052734375e+01  -1.053508987426757812e+02
3.000000000000000000e+01  1.572660064697265625e+02  7.256865692138671875e+01  -1.018603820800781250e+02
2.900000000000000000e+01  1.498313293457031250e+02  7.075767517089843750e+01  -9.817353057861328125e+01
2.800000000000000000e+01  1.437488555908203125e+02  6.835514831542968750e+01  -9.428972625732421875e+01
2.700000000000000000e+01  1.367913818359375000e+02  6.646228027343750000e+01  -9.139032745361328125e+01
2.600000000000000000e+01  1.314784088134765625e+02  6.370915222167968750e+01  -8.743923187255859375e+01
