1.110000000000000000e+02  -1.749378013610839844e+01  8.307435035705566406e+00  2.449211502075195312e+01  3.295380000000000000e+05  2.431544335937500000e+04  6.947678906250000000e+04  2.057671484375000000e+04
1.100000000000000000e+02  -1.747346496582031250e+01  1.339972114562988281e+01  1.419693470001220703e+01  3.276460000000000000e+05  2.408318554687500000e+04  6.880575781250000000e+04  2.037121289062500000e+04
1.090000000000000000e+02  1.761077499389648438e+01  -1.106377220153808594e+01  -1.559662151336669922e+01  3.236430000000000000e+05  2.372407812500000000e+04  6.782346875000000000e+04  2.007355664062500000e+04
1.080000000000000000e+02  3.440335464477539062e+01  -5.313494873046875000e+01  -1.037253189086914062e+01  3.211710000000000000e+05  2.337588085937500000e+04  6.686200000000000000e+04  1.976492773437500000e+04
1.070000000000000000e+02  3.658279037475585938e+01  -8.842078399658203125e+01  -3.983780860900878906e+00  3.175130000000000000e+05  2.303662500000000000e+04  6.590907812500000000e+04  1.945914257812500000e+04
1.060000000000000000e+02  4.254620361328125000e+01  -1.207350616455078125e+02  1.444660067558288574e+00  3.138590000000000000e+05  2.270198632812500000e+04  6.496717968750000000e+04  1.915842187500000000e+04
1.050000000000000000e+02  5.048561096191406250e+01  -1.438474273681640625e+02  1.353435897827148438e+01  3.096710000000000000e+05  2.237280273437500000e+04  6.403736328125000000e+04  1.885982617187500000e+04
1.040000000000000000e+02  5.535619735717773438e+01  -1.570051269531250000e+02  2.795050811767578125e+01  3.059680000000000000e+05  2.204963476562500000e+04  6.311775390625000000e+04  1.856474218750000000e+04
1.030000000000000000e+02  5.574122619628906250e+01  -1.617213592529296875e+02  4.294985198974609375e+01  3.001980000000000000e+05  2.173278125000000000e+04  6.220737890625000000e+04  1.827425781250000000e+04
1.020000000000000000e+02  5.105288696289062500e+01  -1.599044494628906250e+02  5.528378677368164062e+01  2.979710000000000000e+05  2.142307226562500000e+04  6.130739062500000000e+04  1.799022070312500000e+04
1.010000000000000000e+02  4.331592178344726562e+01  -1.529118041992187500e+02  6.227202224731445312e+01  2.945200000000000000e+05  2.111910156250000000e+04  6.041857812500000000e+04  1.771376757812500000e+04
1.000000000000000000e+02  3.208998489379882812e+01  -1.338734588623046875e+02  6.405498504638671875e+01  2.911880000000000000e+05  2.071956054687500000e+04  5.924980468750000000e+04  1.735575585937500000e+04
9.900000000000000000e+01  2.554189682006835938e+01  -1.119976730346679688e+02  6.080801010131835938e+01  2.875540000000000000e+05  2.042131640625000000e+04  5.838469921875000000e+04  1.709469531250000000e+04
9.800000000000000000e+01  2.365849494934082031e+01  -8.424456787109375000e+01  5.638719177246093750e+01  2.848590000000000000e+05  2.012152734375000000e+04  5.753002734375000000e+04  1.683628515625000000e+04
9.700000000000000000e+01  2.433337593078613281e+01  -4.841371917724609375e+01  5.260395050048828125e+01  2.805740000000000000e+05  1.982153320312500000e+04  5.668591015625000000e+04  1.657841210937500000e+04
9.600000000000000000e+01  1.839773368835449219e+01  1.293055248260498047e+01  3.878669357299804688e+01  2.765800000000000000e+05  1.943020703125000000e+04  5.557125781250000000e+04  1.623877832031250000e+04
9.500000000000000000e+01  -2.937330678105354309e-02  5.379884338378906250e+01  9.818843841552734375e+00  2.709700000000000000e+05  1.914883789062500000e+04  5.475064453125000000e+04  1.599411621093750000e+04
9.400000000000000000e+01  -2.691478538513183594e+01  8.245925903320312500e+01  -3.945228195190429688e+01  2.693870000000000000e+05  1.878322851562500000e+04  5.368585546875000000e+04  1.567828613281250000e+04
9.300000000000000000e+01  -4.461645889282226562e+01  9.165767669677734375e+01  -7.379562377929687500e+01  2.623990000000000000e+05  1.851243750000000000e+04  5.290619921875000000e+04  1.544486621093750000e+04
9.200000000000000000e+01  -6.510193634033203125e+01  9.447517395019531250e+01  -1.122636184692382812e+02  2.528410000000000000e+05  1.815607617187500000e+04  5.188755468750000000e+04  1.513640917968750000e+04
9.100000000000000000e+01  -7.700172424316406250e+01  9.239046478271484375e+01  -1.360659637451171875e+02  2.477560000000000000e+05  1.789155468750000000e+04  5.113798437500000000e+04  1.490837597656250000e+04
9.000000000000000000e+01  -9.195205688476562500e+01  8.709559631347656250e+01  -1.643344268798828125e+02  2.422000000000000000e+05  1.754442968750000000e+04  5.015701953125000000e+04  1.460956738281250000e+04
8.900000000000000000e+01  -1.029421844482421875e+02  8.041999816894531250e+01  -1.904946441650390625e+02  2.390840000000000000e+05  1.720129101562500000e+04  4.919525390625000000e+04  1.431749902343750000e+04
8.800000000000000000e+01  -1.137992782592773438e+02  7.440039825439453125e+01  -2.112382659912109375e+02  2.352360000000000000e+05  1.686550390625000000e+04  4.825036328125000000e+04  1.402965234375000000e+04
8.700000000000000000e+01  -1.197628173828125000e+02  6.728542327880859375e+01  -2.262679595947265625e+02  2.324900000000000000e+05  1.661730273437500000e+04  4.755411328125000000e+04  1.381773535156250000e+04
8.600000000000000000e+01  -1.238868789672851562e+02  5.671327590942382812e+01  -2.417362213134765625e+02  2.294790000000000000e+05  1.628940039062500000e+04  4.664268750000000000e+04  1.353831933593750000e+04
8.500000000000000000e+01  -1.248495025634765625e+02  5.378076553344726562e+01  -2.449512634277343750e+02  2.292310000000000000e+05  1.620823144531250000e+04  4.641663281250000000e+04  1.346856542968750000e+04
8.400000000000000000e+01  -1.280292205810546875e+02  4.740682220458984375e+01  -2.516151580810546875e+02  2.478510000000000000e+05  1.588749609375000000e+04  4.552425000000000000e+04  1.319023339843750000e+04
8.300000000000000000e+01  -1.306199645996093750e+02  4.304650878906250000e+01  -2.582589721679687500e+02  2.428290000000000000e+05  1.557327539062500000e+04  4.464453125000000000e+04  1.291655371093750000e+04
8.200000000000000000e+01  -1.311696166992187500e+02  3.944050979614257812e+01  -2.637866210937500000e+02  2.382460000000000000e+05  1.526551074218750000e+04  4.378075781250000000e+04  1.264967480468750000e+04
8.100000000000000000e+01  -1.339713439941406250e+02  3.693692398071289062e+01  -2.676671447753906250e+02  2.326570000000000000e+05  1.496517285156250000e+04  4.293288281250000000e+04  1.238980957031250000e+04
8.000000000000000000e+01  -1.350470123291015625e+02  3.402424621582031250e+01  -2.717035522460937500e+02  2.246220000000000000e+05  1.459843457031250000e+04  4.189225390625000000e+04  1.207336621093750000e+04
7.900000000000000000e+01  -1.347555847167968750e+02  3.494033432006835938e+01  -2.711608276367187500e+02  2.190370000000000000e+05  1.431235253906250000e+04  4.107904296875000000e+04  1.182732617187500000e+04
7.800000000000000000e+01  -1.349254302978515625e+02  3.590090942382812500e+01  -2.702629699707031250e+02  2.115050000000000000e+05  1.396200097656250000e+04  4.008469140625000000e+04  1.152808984375000000e+04
7.700000000000000000e+01  -1.343752136230468750e+02  3.562282562255859375e+01  -2.719947509765625000e+02  2.003380000000000000e+05  1.361987109375000000e+04  3.911455468750000000e+04  1.123884277343750000e+04
7.600000000000000000e+01  -1.331816253662109375e+02  3.562803268432617188e+01  -2.745859069824218750e+02  1.956340000000000000e+05  1.328682519531250000e+04  3.816820312500000000e+04  1.095868847656250000e+04
7.500000000000000000e+01  -1.323932189941406250e+02  3.919071197509765625e+01  -2.789846801757812500e+02  2.047240000000000000e+05  1.296271191406250000e+04  3.724386328125000000e+04  1.068713964843750000e+04
7.400000000000000000e+01  -1.321903686523437500e+02  4.065692901611328125e+01  -2.824930114746093750e+02  1.976560000000000000e+05  1.264931152343750000e+04  3.634317968750000000e+04  1.042357910156250000e+04
7.300000000000000000e+01  -1.331350097656250000e+02  4.174165344238281250e+01  -2.874157104492187500e+02  1.875180000000000000e+05  1.228336718750000000e+04  3.528987109375000000e+04  1.011749902343750000e+04
7.200000000000000000e+01  -1.318384552001953125e+02  4.173088073730468750e+01  -2.905670776367187500e+02  1.910170000000000000e+05  1.198441113281250000e+04  3.443521484375000000e+04  9.869234375000000000e+03
7.100000000000000000e+01  -1.281876678466796875e+02  3.900801086425781250e+01  -2.945592041015625000e+02  1.821100000000000000e+05  1.163492285156250000e+04  3.344048437500000000e+04  9.580551757812500000e+03
7.000000000000000000e+01  -1.228676071166992188e+02  3.660768508911132812e+01  -3.032267761230468750e+02  1.723680000000000000e+05  1.129592382812500000e+04  3.247385351562500000e+04  9.302314453125000000e+03
6.900000000000000000e+01  -1.180155868530273438e+02  3.398240661621093750e+01  -3.110509643554687500e+02  1.658720000000000000e+05  1.096493652343750000e+04  3.153472851562500000e+04  9.034650390625000000e+03
6.800000000000000000e+01  -1.106837463378906250e+02  2.816466903686523438e+01  -3.222015380859375000e+02  1.473890000000000000e+05  1.059016699218750000e+04  3.047262890625000000e+04  8.732916992187500000e+03
6.700000000000000000e+01  -1.069044570922851562e+02  2.615820503234863281e+01  -3.259914855957031250e+02  1.389260000000000000e+05  1.022619335937500000e+04  2.944471484375000000e+04  8.439757812500000000e+03
6.600000000000000000e+01  -9.918868255615234375e+01  2.412561988830566406e+01  -3.234481506347656250e+02  1.349220000000000000e+05  9.874104492187500000e+03  2.845418359375000000e+04  8.152618652343750000e+03
6.500000000000000000e+01  -9.082211303710937500e+01  2.463687133789062500e+01  -3.194862060546875000e+02  1.349050000000000000e+05  9.533266601562500000e+03  2.749458593750000000e+04  7.874538574218750000e+03
6.400000000000000000e+01  -8.489716339111328125e+01  2.803484725952148438e+01  -3.120403137207031250e+02  1.334960000000000000e+05  9.161785156250000000e+03  2.643766406250000000e+04  7.566757812500000000e+03
6.300000000000000000e+01  -7.848269653320312500e+01  3.336821365356445312e+01  -3.036836547851562500e+02  1.241110000000000000e+05  8.805980468750000000e+03  2.541921289062500000e+04  7.271889160156250000e+03
6.200000000000000000e+01  -7.424559020996093750e+01  3.906841278076171875e+01  -2.942630920410156250e+02  1.162760000000000000e+05  8.425125000000000000e+03  2.432126757812500000e+04  6.956503906250000000e+03
6.100000000000000000e+01  -6.416597747802734375e+01  4.303131103515625000e+01  -2.775621337890625000e+02  1.094340000000000000e+05  8.056583984375000000e+03  2.327177929687500000e+04  6.649305664062500000e+03
6.000000000000000000e+01  -5.683556365966796875e+01  4.430088043212890625e+01  -2.684563293457031250e+02  1.048560000000000000e+05  7.818895996093750000e+03  2.259965039062500000e+04  6.453358398437500000e+03
5.900000000000000000e+01  -5.548921966552734375e+01  4.518601989746093750e+01  -2.642957763671875000e+02  1.015310000000000000e+05  7.665531738281250000e+03  2.216141601562500000e+04  6.327786132812500000e+03
5.800000000000000000e+01  -4.711235427856445312e+01  4.613165664672851562e+01  -2.484689025878906250e+02  9.130200000000000000e+04  7.296363769531250000e+03  2.110489843750000000e+04  6.026086914062500000e+03
5.700000000000000000e+01  -5.319582748413085938e+01  4.715531158447265625e+01  -2.384947357177734375e+02  7.972800000000000000e+04  6.944138183593750000e+03  2.009900976562500000e+04  5.737223632812500000e+03
5.600000000000000000e+01  -3.837321472167968750e+01  4.934490585327148438e+01  -2.181911773681640625e+02  7.589800000000000000e+04  6.607878906250000000e+03  1.914290039062500000e+04  5.458662109375000000e+03
5.400000000000000000e+01  -1.784733390808105469e+01  5.545215988159179688e+01  -1.996562500000000000e+02  6.256900000000000000e+04  6.201153808593750000e+03  1.796745312500000000e+04  5.117290527343750000e+03
5.200000000000000000e+01  1.850742816925048828e+00  5.794189834594726562e+01  -1.922998962402343750e+02  6.156200000000000000e+04  5.704845703125000000e+03  1.654324218750000000e+04  4.713229980468750000e+03
5.100000000000000000e+01  1.268612861633300781e+01  5.998165130615234375e+01  -1.840713043212890625e+02  5.506800000000000000e+04  5.457680664062500000e+03  1.583558789062500000e+04  4.509267089843750000e+03
5.000000000000000000e+01  2.223841476440429688e+01  6.288358306884765625e+01  -1.725729827880859375e+02  4.573000000000000000e+04  5.196555664062500000e+03  1.508498535156250000e+04  4.290920410156250000e+03
4.900000000000000000e+01  1.857107734680175781e+01  6.458973693847656250e+01  -1.694893035888671875e+02  4.409200000000000000e+04  5.150642578125000000e+03  1.493813671875000000e+04  4.247587402343750000e+03
4.800000000000000000e+01  1.905533218383789062e+01  6.586460876464843750e+01  -1.634422149658203125e+02  3.746400000000000000e+04  4.954359375000000000e+03  1.436930468750000000e+04  4.082628662109375000e+03
4.700000000000000000e+01  1.452762794494628906e+01  6.790889739990234375e+01  -1.570231323242187500e+02  3.103700000000000000e+04  4.724731933593750000e+03  1.368721582031250000e+04  3.886711669921875000e+03
4.600000000000000000e+01  1.361634254455566406e+01  7.042586517333984375e+01  -1.498344726562500000e+02  7.097900000000000000e+04  4.502119140625000000e+03  1.303832128906250000e+04  3.701263427734375000e+03
4.500000000000000000e+01  1.334373378753662109e+01  7.214401245117187500e+01  -1.463893127441406250e+02  6.702400000000000000e+04  4.394884765625000000e+03  1.272532421875000000e+04  3.612002441406250000e+03
4.400000000000000000e+01  1.371028995513916016e+01  7.286267852783203125e+01  -1.428073272705078125e+02  6.413600000000000000e+04  4.310807617187500000e+03  1.248082617187500000e+04  3.541899902343750000e+03
4.300000000000000000e+01  1.393495178222656250e+01  7.560699462890625000e+01  -1.349407958984375000e+02  7.300500000000000000e+04  4.107776855468750000e+03  1.188973535156250000e+04  3.373157226562500000e+03
4.200000000000000000e+01  1.292490673065185547e+01  7.894100189208984375e+01  -1.301768951416015625e+02  6.533700000000000000e+04  3.914657226562500000e+03  1.132721875000000000e+04  3.215384277343750000e+03
4.100000000000000000e+01  1.270962142944335938e+01  8.047601318359375000e+01  -1.282336120605468750e+02  6.342500000000000000e+04  3.839606933593750000e+03  1.110934179687500000e+04  3.154107666015625000e+03
4.000000000000000000e+01  1.217344188690185547e+01  8.229502868652343750e+01  -1.259644699096679688e+02  6.797300000000000000e+04  3.730523193359375000e+03  1.079087890625000000e+04  3.065148681640625000e+03
3.900000000000000000e+01  1.217041492462158203e+01  8.478071594238281250e+01  -1.211260528564453125e+02  6.236100000000000000e+04  3.572178955078125000e+03  1.033008398437500000e+04  2.935625000000000000e+03
3.800000000000000000e+01  1.156774425506591797e+01  8.659938812255859375e+01  -1.167342605590820312e+02  1.044790000000000000e+05  3.404684326171875000e+03  9.841228515625000000e+03  2.798917724609375000e+03
3.700000000000000000e+01  1.101744270324707031e+01  8.793167877197265625e+01  -1.139400787353515625e+02  5.192400000000000000e+04  3.244976074218750000e+03  9.376554687500000000e+03  2.668697509765625000e+03
3.600000000000000000e+01  1.068316841125488281e+01  8.914633941650390625e+01  -1.090370330810546875e+02  8.329800000000000000e+04  3.092932861328125000e+03  8.933661132812500000e+03  2.543947998046875000e+03
3.500000000000000000e+01  1.044847965240478516e+01  8.946028900146484375e+01  -1.080090484619140625e+02  9.730100000000000000e+04  3.063670166015625000e+03  8.847560546875000000e+03  2.519692626953125000e+03
3.400000000000000000e+01  1.004720878601074219e+01  8.953587341308593750e+01  -1.041835479736328125e+02  1.039120000000000000e+05  2.948160156250000000e+03  8.512085937500000000e+03  2.424741210937500000e+03
3.300000000000000000e+01  1.053774833679199219e+01  8.956996154785156250e+01  -9.955982208251953125e+01  6.714500000000000000e+04  2.823438720703125000e+03  8.150127441406250000e+03  2.322221191406250000e+03
3.200000000000000000e+01  1.005524539947509766e+01  8.897943878173828125e+01  -9.905536651611328125e+01  7.657600000000000000e+04  2.783280761718750000e+03  8.033421875000000000e+03  2.289261474609375000e+03
3.100000000000000000e+01  9.648266792297363281e+00  8.817702484130859375e+01  -9.614952087402343750e+01  8.655200000000000000e+04  2.691827880859375000e+03  7.767466796875000000e+03  2.214194335937500000e+03
3.000000000000000000e+01  9.179318428039550781e+00  8.793672943115234375e+01  -9.163024902343750000e+01  6.553600000000000000e+04  2.566114990234375000e+03  7.401481933593750000e+03  2.110712646484375000e+03
2.900000000000000000e+01  8.639547348022460938e+00  8.651801300048828125e+01  -8.742998504638671875e+01  5.276200000000000000e+04  2.446087646484375000e+03  7.053837890625000000e+03  2.012317626953125000e+03
