1.110000000000000000e+02  2.185127258300781250e+01  -1.338740348815917969e+01  -8.402118682861328125e+00
1.100000000000000000e+02  1.764065551757812500e+01  -1.334568977355957031e+01  -1.374633598327636719e+01
1.080000000000000000e+02  -1.166067600250244141e+01  1.933900451660156250e+01  2.711047744750976562e+01
1.070000000000000000e+02  5.158009529113769531e-01  2.035459899902343750e+01  4.164701843261718750e+01
1.060000000000000000e+02  1.725887298583984375e+01  1.547808837890625000e+01  4.056990814208984375e+01
1.050000000000000000e+02  3.283795928955078125e+01  1.574292659759521484e+00  2.449743652343750000e+01
1.040000000000000000e+02  3.056975555419921875e+01  -1.607215118408203125e+01  -5.126163005828857422e+00
1.030000000000000000e+02  9.376649260520935059e-01  -2.513883399963378906e+01  -3.923426437377929688e+01
1.020000000000000000e+02  -2.657552337646484375e+01  -1.929291343688964844e+01  -5.887231826782226562e+01
1.010000000000000000e+02  -4.727721786499023438e+01  -4.859227180480957031e+00  -5.678576660156250000e+01
1.000000000000000000e+02  -5.866293716430664062e+01  8.843274116516113281e+00  -4.491788101196289062e+01
9.900000000000000000e+01  -5.183007431030273438e+01  1.330809783935546875e+01  -2.210379791259765625e+01
9.800000000000000000e+01  -3.218116760253906250e+01  1.802234268188476562e+01  8.445673942565917969e+00
9.700000000000000000e+01  4.993191719055175781e+00  1.065945243835449219e+01  3.588687896728515625e+01
9.600000000000000000e+01  5.469498062133789062e+01  -1.073987293243408203e+01  3.843082046508789062e+01
9.500000000000000000e+01  8.657945251464843750e+01  -2.797317886352539062e+01  2.896208190917968750e+01
9.400000000000000000e+01  1.165811004638671875e+02  -4.962558746337890625e+01  9.777005195617675781e+00
9.300000000000000000e+01  1.334941864013671875e+02  -6.417237091064453125e+01  -5.405185699462890625e+00
9.200000000000000000e+01  1.454303131103515625e+02  -8.006504821777343750e+01  -2.412995529174804688e+01
9.100000000000000000e+01  1.531879730224609375e+02  -8.774727630615234375e+01  -3.767698669433593750e+01
9.000000000000000000e+01  1.609089813232421875e+02  -9.771057891845703125e+01  -5.309888458251953125e+01
8.900000000000000000e+01  1.633806915283203125e+02  -1.028664627075195312e+02  -6.342029190063476562e+01
8.800000000000000000e+01  1.656054382324218750e+02  -1.042492828369140625e+02  -6.894119262695312500e+01
8.700000000000000000e+01  1.709202728271484375e+02  -1.084231719970703125e+02  -7.004761505126953125e+01
8.600000000000000000e+01  1.791556701660156250e+02  -1.128117675781250000e+02  -7.307298278808593750e+01
8.500000000000000000e+01  1.809582977294921875e+02  -1.143844909667968750e+02  -7.368846130371093750e+01
8.400000000000000000e+01  1.894691772460937500e+02  -1.159056015014648438e+02  -7.914221191406250000e+01
8.300000000000000000e+01  1.952525787353515625e+02  -1.166828079223632812e+02  -8.407629394531250000e+01
8.200000000000000000e+01  1.951764526367187500e+02  -1.143067474365234375e+02  -9.022921752929687500e+01
8.100000000000000000e+01  1.987377929687500000e+02  -1.177111740112304688e+02  -9.805809020996093750e+01
8.000000000000000000e+01  2.110866394042968750e+02  -1.308735198974609375e+02  -1.076860198974609375e+02
7.900000000000000000e+01  2.255242004394531250e+02  -1.342139129638671875e+02  -1.123672637939453125e+02
7.800000000000000000e+01  2.369310455322265625e+02  -1.345669555664062500e+02  -1.164243011474609375e+02
7.700000000000000000e+01  2.461354675292968750e+02  -1.314103698730468750e+02  -1.136725006103515625e+02
7.600000000000000000e+01  2.615710144042968750e+02  -1.312486419677734375e+02  -1.130645828247070312e+02
7.500000000000000000e+01  2.694507141113281250e+02  -1.273187484741210938e+02  -1.127148208618164062e+02
7.400000000000000000e+01  2.766346130371093750e+02  -1.295510864257812500e+02  -1.164094314575195312e+02
7.300000000000000000e+01  2.820347290039062500e+02  -1.301307830810546875e+02  -1.204799880981445312e+02
7.200000000000000000e+01  2.850500488281250000e+02  -1.320262451171875000e+02  -1.248077087402343750e+02
7.100000000000000000e+01  2.901129760742187500e+02  -1.329256439208984375e+02  -1.271501770019531250e+02
7.000000000000000000e+01  2.909390258789062500e+02  -1.311526489257812500e+02  -1.313379211425781250e+02
6.900000000000000000e+01  2.915654602050781250e+02  -1.301346893310546875e+02  -1.303104705810546875e+02
6.800000000000000000e+01  2.968102722167968750e+02  -1.342816772460937500e+02  -1.369529571533203125e+02
6.700000000000000000e+01  3.014219055175781250e+02  -1.349963684082031250e+02  -1.389764251708984375e+02
6.600000000000000000e+01  3.025285034179687500e+02  -1.344024353027343750e+02  -1.409726409912109375e+02
6.500000000000000000e+01  3.016293334960937500e+02  -1.322458190917968750e+02  -1.448646087646484375e+02
6.400000000000000000e+01  3.017974853515625000e+02  -1.258398437500000000e+02  -1.495922241210937500e+02
6.300000000000000000e+01  3.022915649414062500e+02  -1.303548126220703125e+02  -1.439131317138671875e+02
6.100000000000000000e+01  2.703539428710937500e+02  -1.206466217041015625e+02  -1.650594635009765625e+02
6.000000000000000000e+01  2.587229003906250000e+02  -1.185734863281250000e+02  -1.781795043945312500e+02
5.900000000000000000e+01  2.515257720947265625e+02  -1.190338897705078125e+02  -1.865633239746093750e+02
5.800000000000000000e+01  2.403603363037109375e+02  -1.244015731811523438e+02  -2.004820861816406250e+02
5.700000000000000000e+01  2.316449432373046875e+02  -1.302235260009765625e+02  -2.088802642822265625e+02
5.600000000000000000e+01  2.235273742675781250e+02  -1.359332733154296875e+02  -2.151021118164062500e+02
5.400000000000000000e+01  2.104474182128906250e+02  -1.456186981201171875e+02  -2.186021423339843750e+02
5.200000000000000000e+01  2.062098541259765625e+02  -1.373163299560546875e+02  -2.076184844970703125e+02
5.100000000000000000e+01  2.008739776611328125e+02  -1.366829681396484375e+02  -2.033963165283203125e+02
5.000000000000000000e+01  1.965653839111328125e+02  -1.360637969970703125e+02  -1.939729461669921875e+02
4.900000000000000000e+01  1.952554168701171875e+02  -1.361466369628906250e+02  -1.923366851806640625e+02
4.800000000000000000e+01  1.908295135498046875e+02  -1.352766418457031250e+02  -1.877886199951171875e+02
4.700000000000000000e+01  1.840152130126953125e+02  -1.324067077636718750e+02  -1.830966339111328125e+02
4.600000000000000000e+01  1.775947418212890625e+02  -1.304851837158203125e+02  -1.758426055908203125e+02
4.500000000000000000e+01  1.751574859619140625e+02  -1.286002349853515625e+02  -1.718080902099609375e+02
4.400000000000000000e+01  1.747045593261718750e+02  -1.259475860595703125e+02  -1.687760772705078125e+02
4.300000000000000000e+01  1.711996765136718750e+02  -1.196637954711914062e+02  -1.632250976562500000e+02
4.200000000000000000e+01  1.662737426757812500e+02  -1.143263549804687500e+02  -1.582938232421875000e+02
4.100000000000000000e+01  1.647211761474609375e+02  -1.121535568237304688e+02  -1.562742156982421875e+02
4.000000000000000000e+01  1.603701019287109375e+02  -1.092660675048828125e+02  -1.545973205566406250e+02
3.900000000000000000e+01  1.538459167480468750e+02  -1.046962280273437500e+02  -1.497595214843750000e+02
3.800000000000000000e+01  1.472490081787109375e+02  -1.007391433715820312e+02  -1.450553283691406250e+02
3.700000000000000000e+01  1.420658874511718750e+02  -9.598204803466796875e+01  -1.399349670410156250e+02
3.600000000000000000e+01  1.359419403076171875e+02  -9.198786926269531250e+01  -1.355700836181640625e+02
3.500000000000000000e+01  1.341055603027343750e+02  -9.102603912353515625e+01  -1.341299743652343750e+02
3.400000000000000000e+01  1.296611480712890625e+02  -8.821544647216796875e+01  -1.304729766845703125e+02
3.300000000000000000e+01  1.246964721679687500e+02  -8.449774932861328125e+01  -1.271239471435546875e+02
3.200000000000000000e+01  1.231394195556640625e+02  -8.302477264404296875e+01  -1.256375885009765625e+02
3.100000000000000000e+01  1.205522079467773438e+02  -8.054830169677734375e+01  -1.218443069458007812e+02
