1.150000000000000000e+02  -5.381539344787597656e+00  -1.263681316375732422e+01  3.846057653427124023e+00  3.323510000000000000e+05  7.100069531250000000e+04  7.509867187500000000e+04  3.330750732421875000e+03
1.140000000000000000e+02  -8.377234339714050293e-01  -2.203857040405273438e+01  8.436573028564453125e+00  3.287860000000000000e+05  6.997943750000000000e+04  7.404621875000000000e+04  3.291742675781250000e+03
1.130000000000000000e+02  -4.934223651885986328e+00  2.642033195495605469e+01  -8.932162284851074219e+00  3.256740000000000000e+05  6.896682812500000000e+04  7.299455468750000000e+04  3.254038085937500000e+03
1.120000000000000000e+02  -3.176371955871582031e+01  5.271266174316406250e+01  -2.168384361267089844e+01  3.216160000000000000e+05  6.797782031250000000e+04  7.196244531250000000e+04  3.217682373046875000e+03
1.110000000000000000e+02  -5.274686431884765625e+01  6.230988311767578125e+01  -2.581433677673339844e+01  3.202950000000000000e+05  6.700353906250000000e+04  7.094884375000000000e+04  3.177545654296875000e+03
1.100000000000000000e+02  -6.095935058593750000e+01  6.632168579101562500e+01  -2.810893249511718750e+01  3.188600000000000000e+05  6.635906250000000000e+04  7.027832031250000000e+04  3.150918945312500000e+03
1.090000000000000000e+02  -6.484689331054687500e+01  6.570722961425781250e+01  -2.790969085693359375e+01  3.152910000000000000e+05  6.540185156250000000e+04  6.928617968750000000e+04  3.112189941406250000e+03
1.080000000000000000e+02  -6.558833312988281250e+01  5.209650802612304688e+01  -2.126354217529296875e+01  3.128030000000000000e+05  6.446157031250000000e+04  6.831510156250000000e+04  3.067437988281250000e+03
1.070000000000000000e+02  -5.417472839355468750e+01  2.543836402893066406e+01  -1.259951233863830566e+00  3.089720000000000000e+05  6.353117578125000000e+04  6.736127343750000000e+04  3.013668457031250000e+03
1.060000000000000000e+02  -2.155047607421875000e+01  -9.754344940185546875e+00  2.129091835021972656e+01  3.061450000000000000e+05  6.260714062500000000e+04  6.642017187500000000e+04  2.962274169921875000e+03
1.050000000000000000e+02  4.005805587768554688e+01  -3.686389541625976562e+01  1.584357547760009766e+01  3.024720000000000000e+05  6.168696875000000000e+04  6.548951171875000000e+04  2.924875732421875000e+03
1.040000000000000000e+02  8.787868499755859375e+01  -5.065502929687500000e+01  -3.771605491638183594e+00  2.953010000000000000e+05  6.078597656250000000e+04  6.457268750000000000e+04  2.897840820312500000e+03
1.030000000000000000e+02  1.230962066650390625e+02  -6.266111755371093750e+01  -2.281866645812988281e+01  2.903210000000000000e+05  5.990402343750000000e+04  6.367162500000000000e+04  2.869940673828125000e+03
1.020000000000000000e+02  1.533060607910156250e+02  -7.199630737304687500e+01  -3.658274459838867188e+01  2.889350000000000000e+05  5.903623046875000000e+04  6.278375390625000000e+04  2.837313232421875000e+03
1.010000000000000000e+02  1.794352722167968750e+02  -7.624061584472656250e+01  -4.496399688720703125e+01  2.844940000000000000e+05  5.818273046875000000e+04  6.190608203125000000e+04  2.799508056640625000e+03
1.000000000000000000e+02  2.086790924072265625e+02  -7.540768432617187500e+01  -5.697847366333007812e+01  2.792290000000000000e+05  5.706555078125000000e+04  6.074858593750000000e+04  2.750073730468750000e+03
9.900000000000000000e+01  2.340684051513671875e+02  -7.284395599365234375e+01  -6.310173797607421875e+01  2.747450000000000000e+05  5.623730859375000000e+04  5.989248437500000000e+04  2.710657958984375000e+03
9.800000000000000000e+01  2.526413116455078125e+02  -6.592279815673828125e+01  -6.614031219482421875e+01  2.720730000000000000e+05  5.542471484375000000e+04  5.904606640625000000e+04  2.667752197265625000e+03
9.700000000000000000e+01  2.669805603027343750e+02  -5.663224029541015625e+01  -6.727883148193359375e+01  2.685250000000000000e+05  5.462554687500000000e+04  5.820957031250000000e+04  2.624300537109375000e+03
9.600000000000000000e+01  2.887955932617187500e+02  -3.949346923828125000e+01  -6.645984649658203125e+01  2.651900000000000000e+05  5.357502734375000000e+04  5.710712500000000000e+04  2.569400390625000000e+03
9.500000000000000000e+01  3.095032653808593750e+02  -2.436026191711425781e+01  -6.632268524169921875e+01  2.952190000000000000e+05  5.279535156250000000e+04  5.629116796875000000e+04  2.528687255859375000e+03
9.400000000000000000e+01  3.365589294433593750e+02  -2.549130678176879883e+00  -6.224354553222656250e+01  2.923550000000000000e+05  5.177135546875000000e+04  5.521815625000000000e+04  2.474379638671875000e+03
9.300000000000000000e+01  3.573831787109375000e+02  1.356347942352294922e+01  -6.310463333129882812e+01  2.885490000000000000e+05  5.101621484375000000e+04  5.442864843750000000e+04  2.436289306640625000e+03
9.200000000000000000e+01  3.786999816894531250e+02  3.628942108154296875e+01  -7.163493347167968750e+01  2.825210000000000000e+05  5.002795312500000000e+04  5.339067968750000000e+04  2.395129882812500000e+03
9.100000000000000000e+01  3.989313354492187500e+02  5.573359298706054688e+01  -8.213474273681640625e+01  2.790680000000000000e+05  4.929559375000000000e+04  5.262526171875000000e+04  2.367598144531250000e+03
9.000000000000000000e+01  4.217552185058593750e+02  7.875825500488281250e+01  -9.481090545654296875e+01  2.741840000000000000e+05  4.833732421875000000e+04  5.162442187500000000e+04  2.332465820312500000e+03
8.900000000000000000e+01  4.410867004394531250e+02  8.466036987304687500e+01  -1.112961120605468750e+02  2.682820000000000000e+05  4.740242187500000000e+04  5.064719140625000000e+04  2.301081054687500000e+03
8.800000000000000000e+01  4.516365051269531250e+02  8.981139373779296875e+01  -1.336684112548828125e+02  2.636790000000000000e+05  4.649123046875000000e+04  4.969049609375000000e+04  2.274865722656250000e+03
8.700000000000000000e+01  4.611695556640625000e+02  9.449486541748046875e+01  -1.532771606445312500e+02  2.595480000000000000e+05  4.581591015625000000e+04  4.898651562500000000e+04  2.257910156250000000e+03
8.600000000000000000e+01  4.767817382812500000e+02  1.066214065551757812e+02  -1.778722076416015625e+02  2.545050000000000000e+05  4.492703906250000000e+04  4.806273828125000000e+04  2.236127441406250000e+03
8.500000000000000000e+01  4.801764831542968750e+02  1.112619323730468750e+02  -1.824588012695312500e+02  2.535470000000000000e+05  4.470696875000000000e+04  4.783433984375000000e+04  2.229566406250000000e+03
8.400000000000000000e+01  4.891426391601562500e+02  1.277429962158203125e+02  -1.959685058593750000e+02  2.490860000000000000e+05  4.383966015625000000e+04  4.693642187500000000e+04  2.204953369140625000e+03
8.300000000000000000e+01  5.065306701660156250e+02  1.459793853759765625e+02  -1.976586303710937500e+02  2.441770000000000000e+05  4.298522265625000000e+04  4.605362109375000000e+04  2.176247802734375000e+03
8.200000000000000000e+01  5.198599243164062500e+02  1.560613708496093750e+02  -1.938476562500000000e+02  2.388140000000000000e+05  4.215239843750000000e+04  4.518821484375000000e+04  2.145766601562500000e+03
8.100000000000000000e+01  5.332869873046875000e+02  1.604694671630859375e+02  -1.880414581298828125e+02  2.337290000000000000e+05  4.133731640625000000e+04  4.434163671875000000e+04  2.112539062500000000e+03
8.000000000000000000e+01  5.433090209960937500e+02  1.656421661376953125e+02  -1.803933868408203125e+02  2.250410000000000000e+05  4.034470703125000000e+04  4.330192187500000000e+04  2.069016113281250000e+03
7.900000000000000000e+01  5.476223144531250000e+02  1.688161773681640625e+02  -1.751922760009765625e+02  2.196440000000000000e+05  3.957090234375000000e+04  4.248852734375000000e+04  2.034110229492187500e+03
7.800000000000000000e+01  5.471026611328125000e+02  1.656401367187500000e+02  -1.739527893066406250e+02  2.547320000000000000e+05  3.863027734375000000e+04  4.149741406250000000e+04  1.994209228515625000e+03
7.700000000000000000e+01  5.392941894531250000e+02  1.671702880859375000e+02  -1.728863830566406250e+02  2.486880000000000000e+05  3.771464453125000000e+04  4.052669140625000000e+04  1.955524169921875000e+03
7.600000000000000000e+01  5.294811401367187500e+02  1.706311798095703125e+02  -1.749193267822265625e+02  2.428650000000000000e+05  3.682311718750000000e+04  3.957649218750000000e+04  1.919559448242187500e+03
7.500000000000000000e+01  5.219030761718750000e+02  1.735255126953125000e+02  -1.770089874267578125e+02  2.371000000000000000e+05  3.595137500000000000e+04  3.865167578125000000e+04  1.884797973632812500e+03
7.400000000000000000e+01  5.105604858398437500e+02  1.727289276123046875e+02  -1.798294219970703125e+02  2.333870000000000000e+05  3.510272265625000000e+04  3.775055859375000000e+04  1.851426513671875000e+03
7.300000000000000000e+01  4.998792419433593750e+02  1.671285400390625000e+02  -1.857635040283203125e+02  2.263230000000000000e+05  3.410956640625000000e+04  3.669319531250000000e+04  1.811567138671875000e+03
7.200000000000000000e+01  4.891393432617187500e+02  1.838189544677734375e+02  -1.858191680908203125e+02  2.201580000000000000e+05  3.330020703125000000e+04  3.583236328125000000e+04  1.781028808593750000e+03
7.100000000000000000e+01  4.707838745117187500e+02  1.736228485107421875e+02  -1.922620239257812500e+02  2.109440000000000000e+05  3.235693945312500000e+04  3.483714453125000000e+04  1.745583129882812500e+03
7.000000000000000000e+01  4.482244873046875000e+02  1.564716644287109375e+02  -1.956645355224609375e+02  2.238940000000000000e+05  3.144933398437500000e+04  3.387226171875000000e+04  1.706862792968750000e+03
6.900000000000000000e+01  4.328696594238281250e+02  1.454980468750000000e+02  -1.977523651123046875e+02  2.196030000000000000e+05  3.056369335937500000e+04  3.292959375000000000e+04  1.668119750976562500e+03
6.800000000000000000e+01  4.244237060546875000e+02  1.329051513671875000e+02  -1.992453155517578125e+02  2.074250000000000000e+05  2.956015820312500000e+04  3.186342968750000000e+04  1.623714233398437500e+03
6.700000000000000000e+01  4.187708740234375000e+02  1.284201660156250000e+02  -1.969227447509765625e+02  1.755280000000000000e+05  2.858713281250000000e+04  3.082564453125000000e+04  1.578773193359375000e+03
6.600000000000000000e+01  4.105420227050781250e+02  1.211885223388671875e+02  -1.928749084472656250e+02  2.053240000000000000e+05  2.765011718750000000e+04  2.982545898437500000e+04  1.534150268554687500e+03
6.500000000000000000e+01  3.987328186035156250e+02  1.254030838012695312e+02  -1.950889587402343750e+02  1.921460000000000000e+05  2.674399804687500000e+04  2.885217578125000000e+04  1.494627563476562500e+03
6.400000000000000000e+01  3.883910522460937500e+02  1.334917602539062500e+02  -1.951644439697265625e+02  1.800360000000000000e+05  2.573883789062500000e+04  2.777497851562500000e+04  1.449395874023437500e+03
6.300000000000000000e+01  3.810286254882812500e+02  1.360941772460937500e+02  -1.883050079345703125e+02  1.680290000000000000e+05  2.477208203125000000e+04  2.674190234375000000e+04  1.399537109375000000e+03
6.200000000000000000e+01  3.713616943359375000e+02  1.324387207031250000e+02  -1.823967895507812500e+02  1.579860000000000000e+05  2.373203515625000000e+04  2.563511718750000000e+04  1.346975219726562500e+03
6.100000000000000000e+01  3.620053710937500000e+02  1.313627929687500000e+02  -1.877804107666015625e+02  1.467260000000000000e+05  2.273156054687500000e+04  2.457242187500000000e+04  1.306341308593750000e+03
6.000000000000000000e+01  3.553207397460937500e+02  1.328126525878906250e+02  -1.899687042236328125e+02  1.409210000000000000e+05  2.208767968750000000e+04  2.388659570312500000e+04  1.277958007812500000e+03
5.900000000000000000e+01  3.505519714355468750e+02  1.338424530029296875e+02  -1.913724365234375000e+02  1.400780000000000000e+05  2.166828320312500000e+04  2.343926953125000000e+04  1.259686157226562500e+03
5.800000000000000000e+01  3.370374450683593750e+02  1.381708526611328125e+02  -1.948312530517578125e+02  1.693740000000000000e+05  2.065647070312500000e+04  2.235741796875000000e+04  1.213945922851562500e+03
5.700000000000000000e+01  3.200484924316406250e+02  1.426372222900390625e+02  -1.943727264404296875e+02  1.745020000000000000e+05  1.969287109375000000e+04  2.132255078125000000e+04  1.169076782226562500e+03
5.600000000000000000e+01  3.057024841308593750e+02  1.501934661865234375e+02  -1.935702819824218750e+02  1.619480000000000000e+05  1.877387695312500000e+04  2.033472265625000000e+04  1.124309570312500000e+03
5.400000000000000000e+01  2.852892150878906250e+02  1.554849853515625000e+02  -1.853799285888671875e+02  1.409790000000000000e+05  1.764691796875000000e+04  1.911736718750000000e+04  1.068529296875000000e+03
5.200000000000000000e+01  2.602448120117187500e+02  1.637690124511718750e+02  -1.771631317138671875e+02  1.320260000000000000e+05  1.627559375000000000e+04  1.763486914062500000e+04  9.988633422851562500e+02
5.100000000000000000e+01  2.486396942138671875e+02  1.662077789306640625e+02  -1.708690795898437500e+02  1.161830000000000000e+05  1.559230761718750000e+04  1.689851171875000000e+04  9.615287475585937500e+02
5.000000000000000000e+01  2.341888427734375000e+02  1.717583465576171875e+02  -1.691384124755859375e+02  1.028430000000000000e+05  1.486921875000000000e+04  1.611263964843750000e+04  9.250737304687500000e+02
4.900000000000000000e+01  2.305143585205078125e+02  1.722942047119140625e+02  -1.683657379150390625e+02  9.970400000000000000e+04  1.472959960937500000e+04  1.596028027343750000e+04  9.175856323242187500e+02
4.800000000000000000e+01  2.177646484375000000e+02  1.742911987304687500e+02  -1.648243408203125000e+02  9.086000000000000000e+04  1.418184277343750000e+04  1.536434570312500000e+04  8.875809326171875000e+02
4.700000000000000000e+01  2.023220672607421875e+02  1.760837097167968750e+02  -1.578740844726562500e+02  9.957000000000000000e+04  1.352614941406250000e+04  1.465028125000000000e+04  8.488981323242187500e+02
4.600000000000000000e+01  1.897300415039062500e+02  1.758961029052734375e+02  -1.524836578369140625e+02  8.810900000000000000e+04  1.289848730468750000e+04  1.397068652343750000e+04  8.128491821289062500e+02
4.500000000000000000e+01  1.835634002685546875e+02  1.764839324951171875e+02  -1.489910278320312500e+02  8.469700000000000000e+04  1.259633496093750000e+04  1.364253027343750000e+04  7.949047851562500000e+02
4.400000000000000000e+01  1.786193389892578125e+02  1.763074340820312500e+02  -1.472358703613281250e+02  1.978740000000000000e+05  1.235954101562500000e+04  1.338563671875000000e+04  7.809958496093750000e+02
4.300000000000000000e+01  1.632302856445312500e+02  1.736156768798828125e+02  -1.411959533691406250e+02  1.637670000000000000e+05  1.178902148437500000e+04  1.276526757812500000e+04  7.458079223632812500e+02
4.200000000000000000e+01  1.520579376220703125e+02  1.717651062011718750e+02  -1.346106872558593750e+02  1.506370000000000000e+05  1.124418652343750000e+04  1.217307910156250000e+04  7.120145263671875000e+02
4.100000000000000000e+01  1.478840637207031250e+02  1.709023742675781250e+02  -1.326338043212890625e+02  1.418860000000000000e+05  1.103286718750000000e+04  1.194377246093750000e+04  6.991474609375000000e+02
4.000000000000000000e+01  1.418970642089843750e+02  1.692802276611328125e+02  -1.289639587402343750e+02  1.140230000000000000e+05  1.072345507812500000e+04  1.160812890625000000e+04  6.802459106445312500e+02
3.900000000000000000e+01  1.340046386718750000e+02  1.665854034423828125e+02  -1.235744552612304688e+02  1.046860000000000000e+05  1.027555859375000000e+04  1.112244042968750000e+04  6.526762695312500000e+02
3.800000000000000000e+01  1.264740447998046875e+02  1.628282318115234375e+02  -1.163848571777343750e+02  1.794620000000000000e+05  9.799360351562500000e+03  1.060694628906250000e+04  6.226828613281250000e+02
3.700000000000000000e+01  1.194948959350585938e+02  1.582100830078125000e+02  -1.113831253051757812e+02  1.529790000000000000e+05  9.345031250000000000e+03  1.011652148437500000e+04  5.944521484375000000e+02
3.600000000000000000e+01  1.111354141235351562e+02  1.525139617919921875e+02  -1.065945510864257812e+02  2.501520000000000000e+05  8.912047851562500000e+03  9.648261718750000000e+03  5.677866210937500000e+02
3.500000000000000000e+01  1.098036270141601562e+02  1.515376281738281250e+02  -1.053992843627929688e+02  2.550040000000000000e+05  8.828040039062500000e+03  9.557392578125000000e+03  5.625516357421875000e+02
3.400000000000000000e+01  1.051945953369140625e+02  1.475524139404296875e+02  -1.016177291870117188e+02  2.176700000000000000e+05  8.499188476562500000e+03  9.202269531250000000e+03  5.417522583007812500e+02
3.300000000000000000e+01  9.898865509033203125e+01  1.435543212890625000e+02  -9.734963989257812500e+01  2.456570000000000000e+05  8.144122070312500000e+03  8.818467773437500000e+03  5.194961547851562500e+02
3.200000000000000000e+01  9.740035247802734375e+01  1.419006652832031250e+02  -9.594069671630859375e+01  2.381960000000000000e+05  8.028957519531250000e+03  8.694101562500000000e+03  5.123250732421875000e+02
3.100000000000000000e+01  9.488744354248046875e+01  1.387675170898437500e+02  -9.206784057617187500e+01  1.909160000000000000e+05  7.766634277343750000e+03  8.410804687500000000e+03  4.961777648925781250e+02
3.000000000000000000e+01  8.792788696289062500e+01  1.337541809082031250e+02  -8.836048126220703125e+01  1.988180000000000000e+05  7.406657226562500000e+03  8.021575195312500000e+03  4.737414245605468750e+02
2.900000000000000000e+01  8.229203796386718750e+01  1.283822021484375000e+02  -8.413893127441406250e+01  1.961520000000000000e+05  7.063505859375000000e+03  7.650475097656250000e+03  4.525993652343750000e+02
2.800000000000000000e+01  8.041374206542968750e+01  1.259920578002929688e+02  -8.165066528320312500e+01  1.475670000000000000e+05  6.768085449218750000e+03  7.331006835937500000e+03  4.337656555175781250e+02
