2.307210551350601102e-02  2.341300250994391915e-02  1.494495812336393283e-04  1.105700283237311170e-04
2.488207757198688738e-02  2.449288308192068900e-02  1.643344719513335122e-04  1.227158238949117061e-04
2.153778199714002917e-02  2.138742057286964829e-02  7.188235343863994150e-05  8.236997945426221277e-05
2.276049197679319569e-02  2.502135935462479824e-02  2.295270646480219480e-04  3.358068453675206854e-04
1.679162375153109982e-02  1.642745327366247968e-02  1.273481914966718737e-04  6.145398302486437261e-05
1.956833179826024047e-02  1.924296054849946799e-02  1.038620920960861988e-04  9.666094022873007762e-05
1.453422597453446138e-02  1.612872149045129627e-02  1.043808821973006172e-04  1.786672798293834357e-04
2.224629300763743961e-02  2.206524227260786911e-02  1.538874084646813347e-04  2.827627489239604866e-04
2.139574084923702782e-02  2.107168935809011073e-02  2.308349912362897105e-04  2.516427422568825859e-04
2.065089046398053615e-02  2.087097158411010608e-02  2.352086157621752866e-04  2.270224317389262490e-04
2.697851891026304197e-02  2.637019875333693197e-02  2.063395046001555416e-04  2.677171942522292634e-04
2.068125214971581680e-02  2.062840404638701178e-02  9.508158614747527629e-05  9.219570697726411923e-05
2.094144387214525588e-02  2.110602012469547581e-02  1.387676723981459595e-04  1.742057390846386540e-04
2.147002600464910718e-02  2.131669750457270904e-02  1.647991554887844783e-04  1.346008119291480386e-04
2.458776102049307563e-02  2.478166883546800009e-02  2.249267433962244555e-04  7.297488217817764509e-05
2.408528231513024781e-02  2.441856838972092728e-02  1.418145820311190824e-04  1.774620879895765109e-04
2.341790163470898814e-02  2.346759442340834792e-02  1.884311218959779295e-04  1.487366690233181703e-04
2.281349218635569595e-02  2.389425453805143346e-02  1.239816581328825060e-04  1.225996579065064375e-04
3.035336119130600460e-02  2.907186766583780627e-02  2.561986380931994428e-04  2.210199599802895487e-04
2.497639818112427218e-02  2.492806429983407748e-02  2.468738291784169469e-04  1.849762583328466768e-04
2.022960397695045681e-02  2.041504699077912460e-02  1.368519780471024621e-04  1.838884409285062704e-04
1.975105965322036111e-02  1.949159267649079944e-02  1.849417881337585767e-04  1.556344642533636247e-04
1.980003972576913074e-02  2.019363524099789670e-02  7.847660805516619399e-05  1.153793890555116376e-04
2.431604666610593171e-02  2.387053344424554593e-02  8.476162033376207047e-05  8.986558942324960968e-05
2.281884705154432064e-02  2.258138908054593483e-02  1.010624368293682937e-04  8.086692960292659932e-05
2.440002584474934913e-02  2.476265603785209740e-02  1.752899619326370281e-04  1.876930972992276283e-04
1.657116807994037794e-02  1.632304729192948778e-02  1.104404238577898830e-04  1.008338076447287527e-04
2.190016302285562738e-02  2.125874920777165097e-02  7.334283839740707181e-05  6.452914321909025176e-05
2.241599560935629565e-02  2.221751314327480298e-02  1.022719784273340909e-04  4.871258648214914471e-05
2.340343920349506612e-02  2.301660522180181551e-02  1.405735728058035868e-04  1.083464553426157271e-04
2.112825310879513571e-02  2.125747247380217406e-02  5.659910174614687223e-05  5.549073508272434410e-05
2.746340106458320870e-02  2.846972986487594434e-02  2.141235904046679274e-04  2.577504672477480378e-04
2.010893255098203380e-02  2.215822170344754899e-02  1.155053629117972522e-04  1.013034547063018290e-04
2.480352724010945545e-02  2.393246344722124025e-02  2.613112421007211632e-04  2.487668958902834369e-04
2.452914437083061894e-02  2.275823549555532760e-02  7.620308913157630790e-05  9.446154179617506533e-05
2.210481441400404326e-02  2.291916834525161220e-02  1.412418294202387741e-04  1.567972541562523013e-04
2.355694323758261710e-02  2.327953271864506568e-02  6.737044841608520209e-05  7.139797767217658192e-05
3.149108811113689177e-02  3.184078935357618351e-02  6.042230936145642664e-05  7.465373710317982196e-05
2.421233065411441260e-02  2.440608715958873451e-02  3.563243817542077936e-05  3.474561454241618908e-05
2.258594674928154564e-02  2.198984388760804459e-02  2.234639322581684741e-04  1.568860527870376417e-04
2.104964954862702589e-02  2.052429819757251028e-02  1.206927972413976435e-04  1.701383716009719882e-04
2.255495683489201764e-02  2.239089201232193765e-02  8.129304677468457158e-05  5.252608881182151552e-05
2.158644321461935731e-02  2.303367903238928704e-02  9.776208353317700174e-05  9.364866884161557781e-05
2.435382732657578181e-02  2.465755118840307070e-02  9.847302305550703822e-05  9.253704214286277924e-05
2.124543791969118328e-02  2.145092868155360974e-02  8.602912264604498462e-05  7.796483158603850208e-05
2.617282385690851421e-02  2.599489159148075240e-02  8.753858910345675899e-05  1.055226973827958089e-04
2.637869772434010135e-02  2.711138708483702003e-02  1.897285582638513356e-04  1.424956286775401720e-04
2.728658310927345801e-02  2.461724978578920531e-02  2.537761456337579193e-04  1.945638413481736394e-04
2.934556604774935656e-02  2.858805365122721320e-02  1.793525504330999512e-04  1.147811735275299487e-04
2.597935612312811740e-02  2.564832888870408403e-02  1.127810959086014849e-04  1.249689637336295076e-04
2.919982325418599492e-02  2.866170729699758085e-02  2.416684263453231722e-04  2.068019045626446240e-04
2.637132354008736926e-02  2.746643065999901032e-02  2.839797651683694879e-04  1.879976425561976988e-04
2.976416379027506734e-02  2.912715866662327069e-02  2.662104338206591520e-04  2.491669732846405372e-04
2.223295044034609771e-02  2.304307078022612559e-02  8.155895754164239279e-05  1.057101209802369801e-04
2.376059379406078934e-02  2.309144382539156728e-02  6.463531228339116990e-05  2.367686048783949920e-05
2.407128273862256182e-02  2.349721833827320486e-02  1.280367227983224341e-04  1.698725024128007368e-04
2.069586403351122983e-02  2.031856163781850522e-02  1.593879564232332112e-04  1.574132477606233701e-04
2.615385439206369816e-02  2.608761444400659393e-02  1.322187850825204782e-04  2.902109061546914856e-04
2.323553635624191205e-02  2.330737845984533554e-02  8.398270839444469012e-05  1.386221733417826885e-04
1.902942475252920873e-02  1.567416778689857335e-02  1.181521703259537565e-04  9.504983377712975369e-05
2.058942719375537675e-02  2.117100140164463254e-02  9.526403306107730112e-05  1.178229545793312548e-04
2.493806128686838416e-02  2.486648342314040291e-02  1.192999379281896208e-04  1.164097982211993059e-04
3.018867923096570441e-02  3.034278770380084700e-02  2.225312661286569951e-04  2.128126114622694298e-04
1.912890951457798042e-02  1.898838669106280366e-02  1.856503841263598838e-04  1.137788479196322200e-04
2.530123127439265832e-02  2.543135652610688247e-02  1.390322780065880530e-04  1.156469787706637577e-04
2.414933897027669515e-02  2.448546153731798181e-02  1.682960184456486165e-04  1.549129560748399538e-04
2.367224606118881192e-02  2.277950818001200917e-02  4.893152984542378456e-05  1.424175707989120852e-04
2.897420795977857094e-02  2.977258830965401337e-02  1.135021549852392947e-04  1.106240110947456768e-04
2.513311464010743734e-02  2.560088473032852766e-02  1.159083184114520872e-04  8.246366282514188621e-05
2.088361884950684644e-02  2.072761585043654542e-02  7.283209291652460932e-05  9.019543268012291759e-05
1.609822067432477299e-02  1.578230121052979704e-02  5.881049842396453032e-05  1.541670449360758866e-04
2.102287917218289767e-02  2.116167301681076002e-02  8.580498310707253642e-05  1.181476800380613500e-04
2.244090663449581358e-02  2.242555781651678001e-02  1.374975574912046369e-04  1.463624345322836961e-04
2.062786755864824337e-02  2.069128636682786987e-02  1.865007305430672088e-04  1.132441575023014998e-04
2.529616435902111091e-02  2.513826071527710745e-02  9.065130462987051982e-05  1.868495584728361995e-04
1.878363025845267154e-02  1.883280726073499958e-02  5.905198504892124377e-05  8.872039985797004920e-05
2.629014034192894353e-02  2.599516310446099709e-02  1.557309911430734047e-04  2.001745056752038702e-04
2.446962123902654204e-02  2.444207857810531612e-02  2.245339652097278442e-05  2.250981956338297320e-05
2.139216159220212396e-02  2.259586438000680403e-02  2.422066654514661390e-04  1.756177207641488409e-04
2.118353550441046812e-02  2.319742116795596096e-02  1.330952158029694195e-04  1.084623651667559433e-04
2.885291030820434297e-02  2.788983343728393405e-02  1.120440551138924266e-04  6.499738714353970746e-05
2.291429371655924127e-02  2.312835477371806558e-02  1.402919587974521477e-04  9.526641523522924961e-05
2.281720599784916800e-02  2.281665804060573760e-02  1.584129295049500875e-04  1.189999602431192349e-04
2.848535037978350282e-02  2.887854326525910592e-02  1.850905261580914664e-04  1.560035596514548620e-04
2.284745226007606558e-02  2.240406774608997426e-02  1.031114338789336992e-04  9.667343296922018339e-05
2.415654242357946277e-02  2.344543368374703979e-02  1.687537326187913995e-04  1.472783662739594944e-04
2.431343621696937032e-02  2.428894319062159871e-02  1.629235831194166429e-04  2.092718383652276862e-04
2.534929572443600163e-02  2.522192100625210778e-02  1.783029109736183188e-04  1.605283250999433361e-04
2.923260244562075200e-02  2.846296432570866175e-02  1.752140664081497379e-04  2.125813047181486254e-04
2.405833990321157995e-02  2.391481626121070084e-02  6.333892606067608247e-05  5.303006014380715614e-05
2.401160031107890669e-02  2.467179905515955521e-02  1.620714611549104421e-04  1.798332389643746392e-04
1.932551112858124295e-02  1.979198209398741123e-02  1.054156084701206086e-04  6.308100950723008753e-05
1.631766838248920048e-02  1.582946070865354563e-02  1.479713968788258342e-04  9.992650937193448880e-05
2.418622271846599878e-02  2.387545919725472809e-02  2.219844255857987472e-04  2.239734535133381353e-04
2.253771308051776348e-02  2.258499212758273422e-02  2.016277341920419191e-04  2.161182670292393845e-04
2.093934791778459537e-02  2.116122056764822498e-02  7.294253548816067028e-05  1.285814645130695642e-04
2.053973483034809977e-02  2.098621637056352976e-02  2.931872817907186992e-05  2.310184423626709786e-05
2.614624053107441129e-02  2.768383454274231728e-02  6.318752078770289624e-05  1.177052052435635443e-04
2.049333668964757604e-02  2.096049697113250287e-02  9.292153993059864420e-05  1.076896847547108787e-04
1.909592950056725885e-02  1.913632072545427831e-02  6.328123829062923245e-05  6.383946699640315994e-05
1.624464578023126354e-02  1.649164300434029576e-02  6.904643416138939193e-05  8.673452847891769118e-05
2.312892678366536628e-02  2.378429480141761379e-02  1.855499011975912649e-04  2.243981052110999525e-04
2.019081732276034255e-02  2.037072594484090268e-02  7.942178284284559910e-05  1.148280193269359586e-04
2.032376790589428620e-02  1.971678212009385367e-02  9.214689254362685186e-05  8.141647283755193019e-05
2.171140933331596259e-02  2.189031819241861118e-02  1.454209496594194892e-04  1.623338116288512234e-04
1.560399507786301362e-02  1.653047214898632072e-02  7.349808001419490223e-05  8.179659984808495480e-05
2.336581558104743050e-02  2.354997553518172609e-02  2.280003034493871311e-04  1.345669360984330610e-04
1.778188712994675791e-02  1.797014856688975565e-02  1.766834374557776590e-05  2.591605207374000783e-05
1.923454901972151618e-02  1.919019836737604137e-02  2.144232935746085420e-04  1.330425121756999274e-04
1.802642677279185299e-02  1.785906351482577370e-02  2.795010737943112033e-05  2.164731299971614991e-05
1.787688640056040584e-02  1.789273391944845581e-02  1.956756024378685519e-04  1.241849252894600174e-04
2.261637235112814309e-02  2.119893756331125978e-02  1.089853937556108679e-04  1.401411370038354535e-04
2.484101717022894895e-02  2.442095536491014837e-02  2.123217367496316144e-04  1.669629033819099596e-04
1.842198572438831505e-02  1.878026470730506658e-02  2.626516924543396530e-05  1.639588052172293920e-05
2.067796580848835913e-02  2.080762895801961665e-02  6.619828790328726202e-05  5.901853988532720940e-05
2.446645904620765866e-02  2.434524569691009013e-02  2.902163803944993683e-05  6.294535683889274558e-05
2.441672580911446316e-02  2.395314992164472925e-02  1.175970582869064217e-04  1.640878100432647407e-04
1.676236172011342715e-02  1.688976791900946919e-02  3.668676303859184560e-05  7.660826660867314948e-05
2.689234745261823156e-02  2.632086816809802582e-02  1.183964805369089936e-04  1.070371946540384106e-04
2.083848031614665003e-02  2.084207698183219298e-02  1.269349302235152561e-04  5.312307592942898312e-05
2.569487502888436956e-02  2.560211853771091409e-02  1.404069319217019277e-04  1.444718074796506283e-04
2.010134661351544588e-02  2.012170380844160653e-02  2.972282636641848465e-05  7.776816441965572464e-05
2.363848357311194165e-02  2.356442083341366706e-02  9.269494502526331558e-05  6.185127917209012308e-05
2.831602797472272670e-02  2.828899499713100757e-02  1.527439704015292308e-04  2.199946423891681129e-04
2.899683888248107827e-02  2.853882128861165088e-02  2.287021752822017916e-04  2.355236347448969036e-04
2.342927380698721709e-02  2.430350700660666857e-02  1.443750466305657003e-04  2.116213517928508439e-04
2.395634533612059358e-02  2.336407428050298746e-02  1.343944296597450396e-04  1.079615530057178837e-04
2.449363504374500386e-02  2.450352268379547838e-02  1.396359476592421898e-04  1.917016432685602039e-04
2.342388614446557632e-02  2.298605300285791811e-02  1.413308305468121014e-04  1.092262999626393501e-04
2.113868701593308100e-02  2.236477073330236584e-02  2.529100187328388641e-04  1.400195046716928252e-04
2.225127977334141402e-02  2.293133189779111500e-02  1.107189786753243270e-04  1.507232360272144154e-04
2.274081290149500625e-02  2.292548121597542260e-02  1.808451726230689228e-04  1.733704175179776855e-04
2.279773483123335998e-02  2.312336299898559017e-02  7.800431692918242239e-05  7.097227104840112834e-05
2.457264830583934939e-02  2.481832052754086304e-02  1.054691213777480245e-04  1.602476426181740591e-04
2.037787048028763884e-02  2.055461335296013964e-02  2.200071401360065954e-04  2.374837158310903155e-04
2.308885098752697096e-02  2.297310916328254224e-02  1.619925681100795316e-04  2.124215822039679155e-04
2.198375585331919721e-02  2.202427981221557335e-02  1.666620807144617098e-04  1.867875876596605973e-04
1.856473805933962079e-02  1.859210262509709832e-02  9.140858043481470347e-05  9.072785362665737054e-05
2.545009332382648648e-02  2.487342314087062287e-02  2.223576566570077261e-04  2.761071278776672678e-04
2.083511656887290786e-02  2.151130817138137072e-02  1.528189225912028222e-05  1.924685447016551672e-05
2.040523008408122799e-02  2.031876302495709205e-02  1.155061150906798266e-04  1.326176934498894103e-04
2.278340211260946463e-02  2.228155792826498616e-02  8.183082278010245301e-05  1.254369130789411064e-04
2.165449953054513280e-02  2.193311740601361359e-02  9.862402365955423827e-05  8.369834208654245344e-05
2.232725377321527829e-02  2.214240927450910820e-02  9.905047799027704727e-05  1.250820794024161127e-04
2.172052000600586258e-02  2.062966090402256272e-02  8.122289320135227990e-05  9.938661347313138483e-05
2.610118976506892868e-02  2.630280937025021235e-02  1.835009260078239294e-04  1.345565432369027581e-04
2.194140910556593646e-02  2.145683451942213132e-02  1.076901853308009791e-04  5.694980277889079355e-05
2.214183786288122929e-02  2.184399188925389632e-02  6.938645289264556222e-05  5.243492709521956340e-05
2.598571772821624618e-02  2.613870772853851138e-02  1.870413923087424989e-04  3.174273661788289125e-04
2.554389741157359409e-02  2.373529877170438285e-02  1.703398791636488469e-04  1.207599136947322741e-04
2.036278981445117583e-02  1.990330399117799104e-02  1.599045190259521193e-04  1.857336996340280854e-04
3.113557374341182488e-02  3.048633942467689206e-02  3.036018321793676478e-04  2.978407174264275183e-04
2.162741038249679434e-02  2.154163222344963186e-02  3.174629899957734602e-05  7.808433898298747927e-05
2.456335021610406982e-02  2.513476276756407279e-02  1.126654473512639896e-04  1.212658401102407313e-04
2.044067864010251645e-02  2.113670070305301990e-02  2.007782106098638937e-04  2.888131015381263374e-04
1.980264899768496845e-02  2.056243822237112384e-02  1.080355404442227450e-04  1.330493598353473569e-04
1.960222655661838370e-02  1.959425390113533894e-02  2.644693723908315280e-04  2.459123718719060845e-04
2.727517615396190739e-02  2.868089742932161332e-02  2.525432807858444834e-04  2.388179758866495399e-04
1.990918720107705611e-02  2.057572415260942519e-02  1.534146502862036474e-04  1.354973967487793315e-04
2.054637696208926403e-02  2.061662514161411580e-02  3.361385877450914056e-04  4.426144758200003995e-04
1.920305744324103323e-02  1.937326262408087599e-02  1.013524105450165766e-04  7.871117414640733598e-05
3.119443260677233834e-02  3.037826702392863731e-02  1.183483236865241842e-04  7.388586063076913965e-05
2.819183181581276509e-02  2.822683354515897330e-02  2.624208102695147577e-04  1.367011264267590674e-04
2.537439330601980875e-02  2.561981443587635701e-02  1.520144235079862063e-04  1.694711873407981522e-04
2.125944216939779779e-02  2.175248210208450064e-02  1.268899773917969568e-04  1.912247019767308507e-04
1.871185099376108940e-02  1.879606425444175014e-02  1.003811118834957406e-04  1.013058329712516055e-04
2.684413045821247568e-02  2.467800361448577173e-02  1.571812635861509781e-04  1.662323854071331454e-04
2.197200326232102638e-02  1.990556463472903381e-02  1.778918130634424548e-04  2.290410044759852339e-04
2.460277058405426279e-02  2.370653580051990464e-02  1.947796257380128506e-04  1.289711089460373271e-04
1.952827230716209020e-02  1.974270957942986932e-02  1.115236126345902165e-04  2.047284814589379800e-04
2.207018377228222444e-02  2.208780015115496820e-02  1.933039619663347167e-04  1.502828824213697616e-04
2.083116920656451210e-02  2.105366779617825687e-02  2.463606981842840883e-04  2.036194046228600009e-04
2.952523041793652867e-02  2.979397944970022319e-02  1.937996319282044044e-04  2.622051886580077824e-04
2.778834002899244551e-02  2.841946363560861333e-02  1.907813624287109865e-04  2.466793505989603192e-04
2.567599253853508623e-02  2.710770962189482103e-02  1.674972598439802211e-04  1.641415762947384378e-04
2.151639651107908890e-02  2.217425422304009075e-02  8.913274023379523959e-05  1.575763718009120086e-04
2.437211978720688413e-02  2.473985659675742924e-02  2.211090164368522456e-04  1.694348509857399282e-04
2.608776527770860151e-02  2.494009268707871388e-02  1.874268764948081067e-04  1.731104974171724753e-04
2.188041241226096334e-02  2.209450950136677971e-02  1.262619644761290238e-04  1.470009855762800615e-04
2.055157614143086550e-02  2.058289007249887795e-02  2.144079910007285362e-04  1.152999123565125048e-04
1.779126106840290406e-02  1.882770784328878164e-02  2.058928000665824834e-04  9.746666889759598160e-05
2.558772899425690306e-02  2.602738303379735496e-02  1.974956545779267797e-04  1.525819305567271554e-04
1.569073781481692201e-02  1.579094744681646192e-02  8.372605114499025202e-05  6.242534248665397242e-05
2.506276906347417940e-02  2.499415820578592892e-02  1.410466932701254748e-04  6.926478620209006350e-05
2.323790385552166118e-02  2.482925453029808868e-02  1.537314149655916965e-04  1.920252820175094620e-04
1.621558642138422324e-02  1.502622713081941744e-02  6.482529858519114853e-05  9.725727413238966087e-05
2.695806413912850766e-02  2.699275356522263039e-02  1.287624289928496104e-04  1.664549116183590232e-04
2.732660365259127408e-02  2.736983346909764928e-02  1.344344374576916877e-04  1.441490028185355712e-04
2.496719382944974711e-02  2.513024142960641055e-02  1.355485430266048128e-04  9.664052238138693622e-05
1.965471856770797249e-02  1.897591712250512597e-02  1.069443715608185149e-04  1.408161188911498157e-04
1.850160105927926152e-02  1.768388188198087227e-02  4.850652952067883680e-05  4.531364125019880589e-05
3.036182544323660221e-02  2.991456708841238807e-02  1.796816729573482698e-04  1.604686201709222754e-04
2.606106080236775605e-02  2.642518354253725957e-02  1.334225509881933414e-04  1.373245588349420549e-04
2.199758942744721446e-02  2.033959554709827491e-02  1.274817263113234300e-04  1.072191336145866168e-04
2.367514262215826906e-02  2.333829155553564585e-02  1.911813029571627590e-04  1.803516868321281810e-04
2.374342949526773300e-02  2.401443990766700259e-02  1.608064497231145341e-04  2.107272289783570444e-04
3.023237611081447049e-02  3.132362421923379214e-02  2.457014379253630440e-04  1.607292928717070552e-04
1.739567544195194659e-02  1.650609870530558854e-02  1.340550746577393851e-04  1.143496386552452784e-04
2.207117767060880198e-02  2.182951624039838542e-02  9.852269076057257801e-05  1.489936155674208089e-04
1.842574564794177694e-02  1.881363235868747236e-02  5.570667712865240916e-05  7.668156816264558632e-05
1.798864619584409838e-02  1.829312301315975595e-02  1.089430587036778681e-04  1.067837645495907487e-04
2.595153340329393876e-02  2.616758189373894622e-02  1.340572905309093965e-04  1.467624193717017146e-04
2.279235812266834638e-02  2.262608282502809667e-02  1.628834017897122922e-04  1.305510517585279555e-04
2.719781827763462223e-02  2.704627138374212508e-02  1.632329820918815581e-04  1.575840072999792527e-04
1.685164033191429572e-02  1.730664073176219064e-02  1.046950196613424323e-04  1.311209382462510964e-04
2.002015601399019518e-02  1.979386890288655290e-02  5.373205823886032163e-05  8.041815124310681224e-05
1.905208979893619273e-02  1.928736021807248707e-02  1.817912220858332523e-04  1.814535226049749056e-04
2.216067726226052595e-02  2.254578410374618799e-02  1.806332292923690578e-04  1.774324303171125278e-04
2.132461433620638780e-02  2.177536603898957979e-02  1.483612699212080634e-04  1.334581498241531740e-04
1.886200042947266259e-02  1.991690384653826973e-02  1.031259421587398049e-04  1.102593319986315377e-04
2.017106574967312063e-02  2.012741690937542433e-02  9.246417861814863390e-05  1.050101922139776167e-04
2.576335075082011178e-02  2.590082242438834781e-02  1.530628419226423131e-04  1.664396565422555084e-04
2.018982295000044253e-02  1.974481372856960043e-02  7.191269019338313040e-05  5.691965130080166990e-05
1.859879992966438633e-02  1.806575711034278178e-02  7.889224312798220017e-05  7.825393111731757784e-05
2.598969907629723741e-02  2.595622012840059431e-02  2.340558188264977029e-04  2.472318133361264673e-04
2.615432607940136947e-02  2.584536147264908726e-02  2.477770972757068813e-04  2.418606854718986354e-04
2.294777638833317077e-02  2.279778701407817951e-02  1.884594870850137135e-04  1.362789739045152868e-04
1.869632058996172075e-02  1.755948321497596484e-02  5.270429642723942594e-05  6.005097379955157789e-05
2.054629435381640293e-02  2.135777412172716952e-02  1.246596006402863688e-04  1.723795487857527730e-04
2.399121050190249765e-02  2.515532006051578173e-02  1.247689675074408443e-04  1.522834300188699510e-04
2.372393027350911190e-02  2.319240941984649848e-02  1.188262067402681514e-04  1.257085833456359934e-04
2.275132186410534774e-02  2.143110426703346422e-02  2.793833868045169288e-04  2.000938497318481275e-04
1.889530857158553540e-02  1.913421149376053759e-02  1.355171522870096462e-04  1.674367831419575883e-04
2.259751188120037030e-02  2.231692790453781994e-02  2.827483690213595824e-05  3.188346811510233791e-05
2.041917328265826018e-02  2.008522049068628412e-02  1.555175899209870684e-04  1.899944018670553095e-04
2.303232471441982523e-02  2.208446181570858716e-02  1.027534853903295571e-04  1.335662173147526474e-04
1.847121604538523240e-02  1.758874182680899428e-02  6.262098893163632206e-05  6.377891668407949927e-05
2.155070556529377693e-02  2.143696386316872385e-02  1.176202272858228957e-04  1.079049300989632769e-04
2.017253120462328062e-02  2.111390264879588891e-02  6.995063085983909215e-05  1.482509665525013915e-04
2.271916403914021540e-02  2.349038432397280302e-02  6.888013681036885157e-05  8.169754883253092293e-05
2.017146408698836102e-02  2.001288375859423124e-02  1.250820166649092456e-04  1.468947537475189967e-04
2.013354925273751553e-02  1.983885804990653465e-02  1.187562179916918493e-04  9.913291546240148131e-05
2.154469788457868615e-02  2.147176636244397738e-02  1.499596295173127273e-04  1.450424064973940524e-04
2.575009699947997804e-02  2.661433621810638597e-02  1.467185113775535299e-04  1.964886857250244313e-04
2.349608298086518568e-02  2.368360191516908145e-02  1.575108884547691472e-04  1.540752460432497301e-04
1.980738551576539941e-02  2.037287673154760878e-02  1.108748689161557523e-04  1.210714017290525642e-04
2.834501267628246335e-02  2.796435320794528681e-02  1.427431753105470836e-04  1.677814235549405630e-04
2.147859552120709795e-02  2.563528981988389202e-02  2.015876875445785684e-04  2.689814798068924646e-04
2.506850527641302229e-02  2.453801771708029322e-02  2.186565377406420149e-04  2.102472632863230224e-04
2.290548118167910763e-02  2.279112233243164518e-02  9.099890180184565366e-05  8.531766766357310654e-05
2.493216983147021962e-02  2.466593511713185624e-02  1.640494732465970626e-04  1.136629874966304301e-04
2.092371842045735383e-02  2.107016731978877955e-02  1.837410485909193891e-04  1.752144912557190533e-04
2.630851816886637870e-02  2.670368961394326349e-02  2.045344452937742155e-04  2.197550097512867727e-04
2.260875313963263411e-02  2.269223294749570657e-02  1.586852118154670921e-04  1.900549325802700811e-04
2.323652042409799640e-02  2.348132337485752882e-02  8.820519854979855061e-05  1.042016011109084457e-04
2.012270788807946770e-02  2.101251522501556765e-02  1.086866779789771544e-04  1.431558186096991317e-04
2.070796481934325875e-02  2.025974244511927896e-02  1.191657639401065696e-04  7.529553525464041826e-05
2.350135310967689864e-02  2.267450114123823954e-02  1.140081930011425980e-04  1.792443943617726013e-04
2.702360041762996018e-02  2.687099814043058393e-02  1.554765397157937721e-04  1.519723807027037921e-04
2.390433550761539294e-02  2.424474221105978738e-02  1.468186315984087759e-04  1.688499733143048809e-04
2.700940435044177357e-02  2.642845562281530281e-02  1.987689565409182422e-04  2.183298011190109081e-04
2.380464426706618147e-02  2.368298749155828276e-02  2.884414394418708706e-04  4.102939265142861334e-04
2.319571040797005837e-02  2.189421348432827458e-02  8.831412352837449543e-05  1.313649068880623928e-04
2.601023930274145787e-02  2.572901787354788319e-02  1.371426658151303881e-04  2.171304637501883733e-04
2.483082558768180681e-02  2.471349541580371637e-02  1.303420404595013701e-04  1.478065451360042906e-04
2.977160129441673922e-02  2.986735131520851586e-02  2.377174454100578502e-04  2.150139096180711962e-04
2.116672707695994166e-02  2.060052395818487425e-02  1.664906162836120198e-04  2.909314998624959827e-04
2.349272696208836581e-02  2.241133493920235281e-02  1.412340519439614307e-04  1.633568198830020112e-04
2.563502390774460502e-02  2.565496423301310419e-02  1.579975222240468009e-04  1.507988180206114824e-04
2.020158546221190524e-02  2.209164018182212946e-02  1.962134527327966051e-04  2.404659855167619027e-04
1.983898406494611147e-02  1.990389086531421658e-02  9.394449427506684650e-05  1.164961791661025853e-04
1.992484750900454585e-02  2.033392150150306263e-02  1.762034852946685662e-04  2.319949738510079611e-04
1.885258164065697906e-02  1.884336568002184173e-02  7.593702004486792094e-05  4.832580489556736759e-05
2.256652528810544275e-02  2.311180285531389683e-02  5.892940220361151196e-05  1.021830464968984749e-04
2.502490423871604405e-02  2.494003013612412084e-02  1.412984656909184596e-04  9.620499633430129225e-05
2.356019815030389528e-02  2.344607957704079176e-02  2.275903962121957373e-04  1.011188879977947792e-04
1.591241995386010952e-02  1.573445808391124232e-02  7.690276969934794875e-05  6.813760005110800595e-05
2.252717644701073690e-02  2.181362440860214538e-02  1.598094370966244258e-04  1.519554532024586658e-04
2.237773082383117534e-02  2.282393216697808230e-02  1.363791626528760344e-04  1.280285121464498708e-04
2.203874399989217206e-02  2.218967389992534608e-02  1.574716587041580967e-04  1.297387975455381939e-04
1.957294818441997902e-02  1.971837975609750174e-02  1.509048229971258971e-04  1.390216384561222763e-04
2.592467272784549498e-02  2.579803532203425037e-02  1.557753604788347486e-04  1.743491602432200812e-04
2.134158131896778457e-02  2.137526193328004309e-02  7.522105566541299727e-05  9.278431653562581999e-05
2.773007315454424290e-02  2.744698822977883340e-02  1.999441231967213743e-04  2.290225583429294034e-04
2.272350285193291616e-02  2.290009950001502953e-02  1.895372092547244539e-04  1.844488566271759657e-04
1.853124562176606052e-02  1.655844763536431022e-02  1.418754121635536864e-04  1.207136349042574992e-04
2.162051755142967852e-02  2.170655177487838816e-02  8.117042462484389638e-05  1.546020132046429943e-04
2.267522574091961410e-02  2.420838012972030204e-02  1.141515728078090097e-04  1.200594041763596140e-04
2.613641945098502811e-02  2.623672998776037726e-02  1.218150821214280914e-04  1.502787064611630881e-04
2.028791795180006144e-02  1.984767740553305612e-02  9.398258660910004938e-05  6.363922618154882363e-05
2.304974430949571426e-02  2.291081931406253186e-02  1.561569858532426964e-04  1.746115078821652779e-04
2.423215055912226676e-02  2.413049675970878327e-02  2.757997768464760021e-04  1.844542683148454865e-04
2.553930231806672904e-02  2.526787961400055876e-02  2.550190661970512507e-04  1.544575737171273151e-04
2.226232270389261192e-02  2.274802612200290883e-02  1.310353413439033872e-04  1.913400754083980802e-04
2.530056470116296211e-02  2.517338316324834596e-02  1.553543495695501088e-04  1.522071903765306357e-04
2.324062749159515329e-02  2.331715504765045563e-02  5.072087662806337537e-05  5.425775353714346229e-05
