1.250000000000000000e+02  4.596602630615234375e+01  -6.867271423339843750e+01  1.633947753906250000e+02  3.773410000000000000e+05  2.897541406250000000e+04  5.154113281250000000e+03  3.456619921875000000e+04
1.240000000000000000e+02  5.417548751831054688e+01  -4.731304931640625000e+01  1.743635406494140625e+02  3.746040000000000000e+05  2.860541796875000000e+04  5.041038574218750000e+03  3.407177343750000000e+04
1.230000000000000000e+02  5.922892379760742188e+01  -3.677439880371093750e+01  1.833304901123046875e+02  3.725960000000000000e+05  2.836109179687500000e+04  4.970877929687500000e+03  3.374251562500000000e+04
1.220000000000000000e+02  7.070999908447265625e+01  -1.233942985534667969e+01  1.917576599121093750e+02  3.703540000000000000e+05  2.799292187500000000e+04  4.859303222656250000e+03  3.325473046875000000e+04
1.210000000000000000e+02  7.385728454589843750e+01  5.662865638732910156e+00  1.933982543945312500e+02  3.681800000000000000e+05  2.775358007812500000e+04  4.783229980468750000e+03  3.293621093750000000e+04
1.200000000000000000e+02  7.533184814453125000e+01  2.589401817321777344e+01  1.900119018554687500e+02  3.652790000000000000e+05  2.740089062500000000e+04  4.677541503906250000e+03  3.246543945312500000e+04
1.190000000000000000e+02  8.103756713867187500e+01  4.956277847290039062e+01  1.866813354492187500e+02  3.629980000000000000e+05  2.704793359375000000e+04  4.569010253906250000e+03  3.199764257812500000e+04
1.180000000000000000e+02  7.983605194091796875e+01  6.493326568603515625e+01  1.815704345703125000e+02  3.607230000000000000e+05  2.681857617187500000e+04  4.496875000000000000e+03  3.169101367187500000e+04
1.170000000000000000e+02  8.268271636962890625e+01  8.056718444824218750e+01  1.714381866455078125e+02  3.570680000000000000e+05  2.647496484375000000e+04  4.397450683593750000e+03  3.123582226562500000e+04
1.160000000000000000e+02  8.474917602539062500e+01  9.621134948730468750e+01  1.598513183593750000e+02  3.544450000000000000e+05  2.613321289062500000e+04  4.296064453125000000e+03  3.078633593750000000e+04
1.150000000000000000e+02  8.468843841552734375e+01  1.076416854858398438e+02  1.479596557617187500e+02  3.520180000000000000e+05  2.590961718750000000e+04  4.228521972656250000e+03  3.049248242187500000e+04
1.140000000000000000e+02  8.607930755615234375e+01  1.227289047241210938e+02  1.286614379882812500e+02  3.494720000000000000e+05  2.557468750000000000e+04  4.128153808593750000e+03  3.005648242187500000e+04
1.130000000000000000e+02  8.328884124755859375e+01  1.358166198730468750e+02  1.083644409179687500e+02  3.467330000000000000e+05  2.524689843750000000e+04  4.029003417968750000e+03  2.962576367187500000e+04
1.120000000000000000e+02  7.831529235839843750e+01  1.446711730957031250e+02  8.657461547851562500e+01  3.422310000000000000e+05  2.492473437500000000e+04  3.932749267578125000e+03  2.920066796875000000e+04
1.110000000000000000e+02  7.125952148437500000e+01  1.510101776123046875e+02  6.392979049682617188e+01  3.386870000000000000e+05  2.460775585937500000e+04  3.836951171875000000e+03  2.877993359375000000e+04
1.100000000000000000e+02  6.481085205078125000e+01  1.522314453125000000e+02  4.671552276611328125e+01  3.357300000000000000e+05  2.439874023437500000e+04  3.774366943359375000e+03  2.850456250000000000e+04
1.090000000000000000e+02  5.502537918090820312e+01  1.501076812744140625e+02  2.308838844299316406e+01  3.314190000000000000e+05  2.408880664062500000e+04  3.682755859375000000e+03  2.809388085937500000e+04
1.080000000000000000e+02  4.571920394897460938e+01  1.420230865478515625e+02  -1.817273974418640137e+00  3.300070000000000000e+05  2.378148828125000000e+04  3.594339843750000000e+03  2.769073828125000000e+04
1.070000000000000000e+02  3.611583709716796875e+01  1.289116516113281250e+02  -2.613196182250976562e+01  3.270730000000000000e+05  2.347770117187500000e+04  3.507307861328125000e+03  2.729221484375000000e+04
1.060000000000000000e+02  2.435311698913574219e+01  1.126192016601562500e+02  -4.882566070556640625e+01  3.278250000000000000e+05  2.317784765625000000e+04  3.419352539062500000e+03  2.689998632812500000e+04
1.050000000000000000e+02  9.060254096984863281e+00  8.966133117675781250e+01  -6.999620819091796875e+01  3.250390000000000000e+05  2.288399023437500000e+04  3.334873779296875000e+03  2.651386523437500000e+04
1.040000000000000000e+02  -2.988077640533447266e+00  6.343088531494140625e+01  -8.608696746826171875e+01  3.213820000000000000e+05  2.259088671875000000e+04  3.249477539062500000e+03  2.613232031250000000e+04
1.030000000000000000e+02  -1.505616664886474609e+01  3.315236282348632812e+01  -9.860432434082031250e+01  3.177880000000000000e+05  2.230168164062500000e+04  3.165780273437500000e+03  2.575925976562500000e+04
1.020000000000000000e+02  -2.627526664733886719e+01  -2.161627054214477539e+00  -1.026862716674804688e+02  3.152290000000000000e+05  2.201657226562500000e+04  3.086883300781250000e+03  2.538939648437500000e+04
1.010000000000000000e+02  -3.803239822387695312e+01  -3.608808135986328125e+01  -9.628571319580078125e+01  3.125950000000000000e+05  2.173664257812500000e+04  3.007680908203125000e+03  2.502373046875000000e+04
1.000000000000000000e+02  -5.113906860351562500e+01  -7.189308166503906250e+01  -8.129792022705078125e+01  3.075190000000000000e+05  2.136878125000000000e+04  2.899224365234375000e+03  2.454532226562500000e+04
9.900000000000000000e+01  -5.531850433349609375e+01  -9.736948394775390625e+01  -6.629750823974609375e+01  3.035630000000000000e+05  2.109431445312500000e+04  2.821898925781250000e+03  2.419530468750000000e+04
9.800000000000000000e+01  -5.430315017700195312e+01  -1.250382385253906250e+02  -5.047214126586914062e+01  3.017410000000000000e+05  2.081888476562500000e+04  2.751662597656250000e+03  2.385194531250000000e+04
9.700000000000000000e+01  -4.972611618041992188e+01  -1.470678405761718750e+02  -3.012615203857421875e+01  2.990670000000000000e+05  2.054555468750000000e+04  2.680920898437500000e+03  2.351073632812500000e+04
9.600000000000000000e+01  -4.923276519775390625e+01  -1.676782073974609375e+02  -3.015804767608642578e+00  2.960000000000000000e+05  2.019389257812500000e+04  2.585945312500000000e+03  2.306453125000000000e+04
9.500000000000000000e+01  -5.419864654541015625e+01  -1.757965850830078125e+02  1.720133590698242188e+01  2.926330000000000000e+05  1.993970507812500000e+04  2.512488769531250000e+03  2.273650000000000000e+04
9.400000000000000000e+01  -6.105104064941406250e+01  -1.843354187011718750e+02  5.058231353759765625e+01  2.879660000000000000e+05  1.960813671875000000e+04  2.419509277343750000e+03  2.230064843750000000e+04
9.300000000000000000e+01  -6.120457077026367188e+01  -1.905051727294921875e+02  7.310102844238281250e+01  2.657350000000000000e+05  1.935923632812500000e+04  2.353496337890625000e+03  2.198148242187500000e+04
9.200000000000000000e+01  -5.780160903930664062e+01  -1.916707458496093750e+02  1.029294891357421875e+02  2.573190000000000000e+05  1.902952734375000000e+04  2.264896484375000000e+03  2.156343750000000000e+04
9.100000000000000000e+01  -5.136299133300781250e+01  -1.907584381103515625e+02  1.212453079223632812e+02  2.545950000000000000e+05  1.878226367187500000e+04  2.201868164062500000e+03  2.125765234375000000e+04
9.000000000000000000e+01  -4.029317855834960938e+01  -1.836887054443359375e+02  1.480253601074218750e+02  2.512160000000000000e+05  1.845588671875000000e+04  2.117889160156250000e+03  2.085492968750000000e+04
8.900000000000000000e+01  -2.402778244018554688e+01  -1.703843231201171875e+02  1.701882171630859375e+02  2.481840000000000000e+05  1.813177734375000000e+04  2.034139770507812500e+03  2.046167968750000000e+04
8.800000000000000000e+01  -4.553183078765869141e+00  -1.522164001464843750e+02  1.877452239990234375e+02  2.438320000000000000e+05  1.781215039062500000e+04  1.950498413085937500e+03  2.008022070312500000e+04
8.700000000000000000e+01  9.073134422302246094e+00  -1.332096557617187500e+02  1.965025634765625000e+02  2.403000000000000000e+05  1.757646875000000000e+04  1.887065307617187500e+03  1.980190429687500000e+04
8.600000000000000000e+01  3.125398826599121094e+01  -1.064352645874023438e+02  2.004196624755859375e+02  2.533890000000000000e+05  1.726447851562500000e+04  1.805297119140625000e+03  1.944207617187500000e+04
8.500000000000000000e+01  3.515515899658203125e+01  -9.919309997558593750e+01  2.027995300292968750e+02  2.525540000000000000e+05  1.718839648437500000e+04  1.784726684570312500e+03  1.935207812500000000e+04
8.400000000000000000e+01  5.090147399902343750e+01  -6.766038513183593750e+01  2.021270751953125000e+02  2.510720000000000000e+05  1.689052539062500000e+04  1.700655273437500000e+03  1.900372070312500000e+04
8.300000000000000000e+01  6.477705383300781250e+01  -4.198080825805664062e+01  1.980329284667968750e+02  2.444290000000000000e+05  1.659878515625000000e+04  1.623534057617187500e+03  1.866165039062500000e+04
8.200000000000000000e+01  7.278569030761718750e+01  -1.955376434326171875e+01  1.917108459472656250e+02  2.424890000000000000e+05  1.631782128906250000e+04  1.550286865234375000e+03  1.832695507812500000e+04
8.100000000000000000e+01  7.773930358886718750e+01  -2.567853927612304688e+00  1.867486877441406250e+02  2.357290000000000000e+05  1.604241796875000000e+04  1.484051391601562500e+03  1.799488085937500000e+04
8.000000000000000000e+01  8.391507720947265625e+01  1.709401512145996094e+01  1.794490356445312500e+02  2.287770000000000000e+05  1.570312304687500000e+04  1.406185668945312500e+03  1.758558789062500000e+04
7.900000000000000000e+01  8.959151458740234375e+01  3.002573204040527344e+01  1.729915466308593750e+02  2.222240000000000000e+05  1.543472265625000000e+04  1.348122436523437500e+03  1.726482421875000000e+04
7.800000000000000000e+01  9.367806243896484375e+01  4.692533874511718750e+01  1.583645324707031250e+02  2.135080000000000000e+05  1.510710742187500000e+04  1.277566040039062500e+03  1.687549414062500000e+04
7.700000000000000000e+01  9.779450225830078125e+01  6.287287139892578125e+01  1.443729400634765625e+02  2.071610000000000000e+05  1.478466210937500000e+04  1.210449829101562500e+03  1.649291210937500000e+04
7.600000000000000000e+01  1.039363555908203125e+02  7.776652526855468750e+01  1.310889129638671875e+02  2.006530000000000000e+05  1.446544824218750000e+04  1.146767944335937500e+03  1.611721972656250000e+04
7.500000000000000000e+01  1.041325912475585938e+02  8.941944885253906250e+01  1.112288970947265625e+02  1.934870000000000000e+05  1.415736230468750000e+04  1.088065795898437500e+03  1.575306835937500000e+04
7.400000000000000000e+01  1.067312927246093750e+02  9.843123626708984375e+01  9.276540374755859375e+01  1.889870000000000000e+05  1.385259667968750000e+04  1.034542114257812500e+03  1.539621191406250000e+04
7.300000000000000000e+01  1.087549972534179688e+02  1.067905349731445312e+02  6.603856658935546875e+01  1.820110000000000000e+05  1.349369628906250000e+04  9.734735107421875000e+02  1.498240625000000000e+04
7.200000000000000000e+01  1.109688491821289062e+02  1.105578460693359375e+02  4.632094573974609375e+01  1.773570000000000000e+05  1.319785546875000000e+04  9.269953613281250000e+02  1.464410156250000000e+04
7.100000000000000000e+01  1.177379379272460938e+02  1.136796112060546875e+02  1.830371093750000000e+01  1.950760000000000000e+05  1.284606738281250000e+04  8.734448242187500000e+02  1.425363183593750000e+04
7.000000000000000000e+01  1.251576766967773438e+02  1.136674041748046875e+02  -2.277291774749755859e+00  1.997420000000000000e+05  1.250063183593750000e+04  8.227215576171875000e+02  1.386822265625000000e+04
6.900000000000000000e+01  1.299035034179687500e+02  1.098189392089843750e+02  -1.965270614624023438e+01  1.705060000000000000e+05  1.216420800781250000e+04  7.774806518554687500e+02  1.349069335937500000e+04
6.800000000000000000e+01  1.353393859863281250e+02  1.030027694702148438e+02  -4.103450393676757812e+01  1.972650000000000000e+05  1.178177539062500000e+04  7.287940063476562500e+02  1.306761816406250000e+04
6.700000000000000000e+01  1.401403961181640625e+02  9.286274719238281250e+01  -5.954254913330078125e+01  1.829660000000000000e+05  1.140825488281250000e+04  6.848280639648437500e+02  1.265622265625000000e+04
6.600000000000000000e+01  1.406362152099609375e+02  7.831994628906250000e+01  -7.298397827148437500e+01  1.948160000000000000e+05  1.105091503906250000e+04  6.467757568359375000e+02  1.225589355468750000e+04
6.500000000000000000e+01  1.372680664062500000e+02  6.025096893310546875e+01  -8.524518585205078125e+01  1.884860000000000000e+05  1.070696582031250000e+04  6.141793212890625000e+02  1.186743164062500000e+04
6.400000000000000000e+01  1.333435363769531250e+02  4.100320053100585938e+01  -1.068729858398437500e+02  1.812480000000000000e+05  1.032690039062500000e+04  5.789166259765625000e+02  1.144610156250000000e+04
6.300000000000000000e+01  1.332130584716796875e+02  2.656967163085937500e+01  -1.241012802124023438e+02  1.731980000000000000e+05  9.955485351562500000e+03  5.424237670898437500e+02  1.103787988281250000e+04
6.200000000000000000e+01  1.345946502685546875e+02  9.216135978698730469e+00  -1.378081207275390625e+02  1.690220000000000000e+05  9.550476562500000000e+03  5.071435241699218750e+02  1.059243359375000000e+04
6.100000000000000000e+01  1.376886596679687500e+02  -4.505172252655029297e+00  -1.508488616943359375e+02  1.595740000000000000e+05  9.159591796875000000e+03  4.727225646972656250e+02  1.016446386718750000e+04
6.000000000000000000e+01  1.379354858398437500e+02  -1.553099727630615234e+01  -1.559411468505859375e+02  1.798110000000000000e+05  8.908026367187500000e+03  4.526427001953125000e+02  9.887220703125000000e+03
5.900000000000000000e+01  1.386334075927734375e+02  -2.102286720275878906e+01  -1.608759460449218750e+02  1.836770000000000000e+05  8.744238281250000000e+03  4.397992858886718750e+02  9.707595703125000000e+03
5.800000000000000000e+01  1.385037994384765625e+02  -3.107865333557128906e+01  -1.604308776855468750e+02  1.695480000000000000e+05  8.347216796875000000e+03  4.061565551757812500e+02  9.262123046875000000e+03
5.700000000000000000e+01  1.380404205322265625e+02  -3.658325195312500000e+01  -1.623439636230468750e+02  1.541110000000000000e+05  7.967350097656250000e+03  3.721464843750000000e+02  8.838667968750000000e+03
5.600000000000000000e+01  1.385006256103515625e+02  -4.532316970825195312e+01  -1.652304840087890625e+02  1.794660000000000000e+05  7.604571777343750000e+03  3.458555603027343750e+02  8.437040039062500000e+03
5.400000000000000000e+01  1.384176635742187500e+02  -4.949974822998046875e+01  -1.642690429687500000e+02  1.664590000000000000e+05  7.155918457031250000e+03  3.103023071289062500e+02  7.939470214843750000e+03
5.200000000000000000e+01  1.360216674804687500e+02  -5.762432098388671875e+01  -1.629589080810546875e+02  3.960530000000000000e+05  6.606553710937500000e+03  2.709628906250000000e+02  7.333339843750000000e+03
5.100000000000000000e+01  1.342549133300781250e+02  -6.012590789794921875e+01  -1.619629058837890625e+02  3.720170000000000000e+05  6.334025390625000000e+03  2.531966247558593750e+02  7.031332519531250000e+03
5.000000000000000000e+01  1.328461456298828125e+02  -6.383765792846679688e+01  -1.590582275390625000e+02  3.630340000000000000e+05  6.043332519531250000e+03  2.352973175048828125e+02  6.709406738281250000e+03
4.900000000000000000e+01  1.315980224609375000e+02  -6.457141876220703125e+01  -1.592890014648437500e+02  3.615530000000000000e+05  5.986874511718750000e+03  2.314954071044921875e+02  6.647229003906250000e+03
4.800000000000000000e+01  1.315211639404296875e+02  -6.333382797241210938e+01  -1.560359649658203125e+02  3.476080000000000000e+05  5.766195312500000000e+03  2.163758239746093750e+02  6.402306640625000000e+03
4.700000000000000000e+01  1.301806030273437500e+02  -6.222840499877929688e+01  -1.520984344482421875e+02  3.241840000000000000e+05  5.501469238281250000e+03  1.990949249267578125e+02  6.108939941406250000e+03
4.600000000000000000e+01  1.281236114501953125e+02  -6.279207611083984375e+01  -1.507903747558593750e+02  3.035210000000000000e+05  5.247880859375000000e+03  1.840356750488281250e+02  5.830145996093750000e+03
4.500000000000000000e+01  1.276344757080078125e+02  -6.281199264526367188e+01  -1.493128967285156250e+02  3.559810000000000000e+05  5.124944335937500000e+03  1.772586669921875000e+02  5.694920410156250000e+03
4.400000000000000000e+01  1.270472335815429688e+02  -6.342824172973632812e+01  -1.480097045898437500e+02  3.762260000000000000e+05  5.029350585937500000e+03  1.724783325195312500e+02  5.589515136718750000e+03
4.300000000000000000e+01  1.251564483642578125e+02  -6.415064239501953125e+01  -1.451699066162109375e+02  3.648000000000000000e+05  4.797103515625000000e+03  1.604564666748046875e+02  5.333915527343750000e+03
4.200000000000000000e+01  1.226794281005859375e+02  -6.355284881591796875e+01  -1.409494781494140625e+02  3.261830000000000000e+05  4.575907714843750000e+03  1.490769042968750000e+02  5.089094726562500000e+03
4.100000000000000000e+01  1.214750595092773438e+02  -6.322360610961914062e+01  -1.390728607177734375e+02  3.184340000000000000e+05  4.490605957031250000e+03  1.446534881591796875e+02  4.994213378906250000e+03
4.000000000000000000e+01  1.198309249877929688e+02  -6.354448699951171875e+01  -1.371162719726562500e+02  2.998580000000000000e+05  4.365406250000000000e+03  1.388345947265625000e+02  4.855440917968750000e+03
3.900000000000000000e+01  1.168169403076171875e+02  -6.240040206909179688e+01  -1.336063385009765625e+02  2.614080000000000000e+05  4.183937988281250000e+03  1.304680023193359375e+02  4.654318847656250000e+03
3.800000000000000000e+01  1.132334899902343750e+02  -5.947294998168945312e+01  -1.294573364257812500e+02  2.849140000000000000e+05  3.991228027343750000e+03  1.198158416748046875e+02  4.440354492187500000e+03
3.700000000000000000e+01  1.120005874633789062e+02  -5.974711608886718750e+01  -1.243069152832031250e+02  3.089740000000000000e+05  3.807158203125000000e+03  1.116956634521484375e+02  4.235980468750000000e+03
