1.130000000000000000e+02  8.644420623779296875e+00  2.771635818481445312e+01  1.687800979614257812e+01  3.470730000000000000e+05  2.177338281250000000e+04  5.077867187500000000e+04  3.433731640625000000e+04
1.120000000000000000e+02  9.430572509765625000e+00  3.526704025268554688e+01  4.640334320068359375e+01  3.434800000000000000e+05  2.149963476562500000e+04  5.007475000000000000e+04  3.383153515625000000e+04
1.110000000000000000e+02  2.642900705337524414e+00  2.812507438659667969e+01  6.434557342529296875e+01  3.406550000000000000e+05  2.123686132812500000e+04  4.938371484375000000e+04  3.332878515625000000e+04
1.100000000000000000e+02  3.260218143463134766e+00  2.398166656494140625e+01  6.614633941650390625e+01  3.396200000000000000e+05  2.105815429687500000e+04  4.892324609375000000e+04  3.299890234375000000e+04
1.090000000000000000e+02  -1.009086728096008301e+00  1.029590129852294922e+01  6.131106567382812500e+01  3.389150000000000000e+05  2.079897460937500000e+04  4.824618750000000000e+04  3.250875585937500000e+04
1.080000000000000000e+02  -2.473236560821533203e+00  -7.768499374389648438e+00  3.713818359375000000e+01  3.367410000000000000e+05  2.054070312500000000e+04  4.758087890625000000e+04  3.202814648437500000e+04
1.070000000000000000e+02  -4.231912136077880859e+00  -9.815848350524902344e+00  -1.305328083038330078e+01  3.337210000000000000e+05  2.028725781250000000e+04  4.692061328125000000e+04  3.155385937500000000e+04
1.060000000000000000e+02  2.018671751022338867e+00  1.306743240356445312e+01  -4.913000106811523438e+01  3.321340000000000000e+05  2.003772460937500000e+04  4.627036718750000000e+04  3.108646875000000000e+04
1.050000000000000000e+02  1.172078895568847656e+01  2.938932800292968750e+01  -6.386045074462890625e+01  3.293200000000000000e+05  1.979035742187500000e+04  4.563149609375000000e+04  3.062475195312500000e+04
1.040000000000000000e+02  1.724510192871093750e+01  4.317734527587890625e+01  -6.830827331542968750e+01  3.262790000000000000e+05  1.954952148437500000e+04  4.500007421875000000e+04  3.017057617187500000e+04
1.030000000000000000e+02  2.411349296569824219e+01  5.797648620605468750e+01  -6.453644561767578125e+01  3.223160000000000000e+05  1.930821093750000000e+04  4.437083593750000000e+04  2.972075390625000000e+04
1.020000000000000000e+02  2.338187599182128906e+01  7.052959442138671875e+01  -5.166249847412109375e+01  3.203450000000000000e+05  1.907628320312500000e+04  4.374827734375000000e+04  2.927657421875000000e+04
1.010000000000000000e+02  2.359016990661621094e+01  6.391538619995117188e+01  -3.553506088256835938e+01  3.187270000000000000e+05  1.884429296875000000e+04  4.314553515625000000e+04  2.884013085937500000e+04
1.000000000000000000e+02  2.378450775146484375e+01  5.676876831054687500e+01  -4.459044933319091797e+00  3.154480000000000000e+05  1.853286718750000000e+04  4.234137109375000000e+04  2.826571484375000000e+04
9.900000000000000000e+01  9.880412101745605469e+00  3.451635742187500000e+01  2.267305564880371094e+01  3.119850000000000000e+05  1.830963867187500000e+04  4.175039453125000000e+04  2.783968750000000000e+04
9.800000000000000000e+01  -5.920184612274169922e+00  -1.647385597229003906e+01  3.412490463256835938e+01  3.139750000000000000e+05  1.808500585937500000e+04  4.118145312500000000e+04  2.742356640625000000e+04
9.700000000000000000e+01  -1.774438667297363281e+01  -5.764774703979492188e+01  2.277806472778320312e+01  3.084450000000000000e+05  1.785780859375000000e+04  4.061394921875000000e+04  2.701804296875000000e+04
9.600000000000000000e+01  -3.801536178588867188e+01  -9.110643768310546875e+01  4.891165256500244141e+00  3.096800000000000000e+05  1.756650585937500000e+04  3.986008203125000000e+04  2.648217968750000000e+04
9.500000000000000000e+01  -5.316242218017578125e+01  -1.107341079711914062e+02  -1.173137283325195312e+01  3.062400000000000000e+05  1.735258593750000000e+04  3.930560156250000000e+04  2.608999023437500000e+04
9.300000000000000000e+01  -6.817574310302734375e+01  -1.434521179199218750e+02  -4.901606750488281250e+01  3.009400000000000000e+05  1.685281250000000000e+04  3.804323828125000000e+04  2.519728320312500000e+04
9.200000000000000000e+01  -7.561328887939453125e+01  -1.565364685058593750e+02  -6.603906250000000000e+01  2.962410000000000000e+05  1.657573828125000000e+04  3.734137890625000000e+04  2.469962890625000000e+04
9.100000000000000000e+01  -8.151282501220703125e+01  -1.650505981445312500e+02  -8.020256042480468750e+01  2.985400000000000000e+05  1.637082226562500000e+04  3.682327734375000000e+04  2.433468750000000000e+04
9.000000000000000000e+01  -8.587886047363281250e+01  -1.725938568115234375e+02  -9.883291625976562500e+01  3.048900000000000000e+05  1.609898242187500000e+04  3.614120312500000000e+04  2.385769726562500000e+04
8.800000000000000000e+01  -9.942559051513671875e+01  -1.855580749511718750e+02  -1.275511627197265625e+02  2.970230000000000000e+05  1.557352929687500000e+04  3.481784765625000000e+04  2.292769921875000000e+04
8.700000000000000000e+01  -1.024272842407226562e+02  -1.899512481689453125e+02  -1.361012878417968750e+02  2.936140000000000000e+05  1.537893164062500000e+04  3.433529296875000000e+04  2.258912304687500000e+04
8.600000000000000000e+01  -1.031113662719726562e+02  -1.908148498535156250e+02  -1.492498626708984375e+02  2.875720000000000000e+05  1.511995214843750000e+04  3.369935546875000000e+04  2.214741601562500000e+04
8.500000000000000000e+01  -1.037430725097656250e+02  -1.915983276367187500e+02  -1.517676696777343750e+02  2.867190000000000000e+05  1.505636035156250000e+04  3.354256250000000000e+04  2.203769140625000000e+04
8.400000000000000000e+01  -1.060595092773437500e+02  -1.941468963623046875e+02  -1.606641693115234375e+02  2.823410000000000000e+05  1.480508789062500000e+04  3.292417187500000000e+04  2.160603515625000000e+04
8.300000000000000000e+01  -1.076751098632812500e+02  -1.942682952880859375e+02  -1.710974273681640625e+02  2.767460000000000000e+05  1.455654296875000000e+04  3.231368945312500000e+04  2.118405273437500000e+04
8.200000000000000000e+01  -1.091673812866210938e+02  -1.902214508056640625e+02  -1.762606048583984375e+02  2.700430000000000000e+05  1.431299121093750000e+04  3.171200781250000000e+04  2.076706835937500000e+04
8.100000000000000000e+01  -1.147406082153320312e+02  -1.882539215087890625e+02  -1.790370788574218750e+02  2.657280000000000000e+05  1.407649414062500000e+04  3.112572460937500000e+04  2.035735546875000000e+04
8.000000000000000000e+01  -1.125574111938476562e+02  -1.928661041259765625e+02  -1.860179901123046875e+02  2.582730000000000000e+05  1.377639160156250000e+04  3.041251367187500000e+04  1.986065625000000000e+04
7.900000000000000000e+01  -1.101796417236328125e+02  -1.885307312011718750e+02  -1.911563720703125000e+02  2.543480000000000000e+05  1.353963378906250000e+04  2.984745117187500000e+04  1.947208593750000000e+04
7.800000000000000000e+01  -1.092414703369140625e+02  -1.824856414794921875e+02  -1.939256286621093750e+02  2.468950000000000000e+05  1.325145117187500000e+04  2.915635742187500000e+04  1.899425976562500000e+04
7.700000000000000000e+01  -1.058694152832031250e+02  -1.808795166015625000e+02  -1.991275177001953125e+02  2.395670000000000000e+05  1.296567480468750000e+04  2.848480859375000000e+04  1.853362109375000000e+04
7.600000000000000000e+01  -1.033973693847656250e+02  -1.771219482421875000e+02  -1.997868194580078125e+02  2.313760000000000000e+05  1.268707421875000000e+04  2.782789648437500000e+04  1.808073828125000000e+04
7.500000000000000000e+01  -1.034109573364257812e+02  -1.747241363525390625e+02  -1.996818389892578125e+02  2.267470000000000000e+05  1.241541894531250000e+04  2.718698437500000000e+04  1.763937695312500000e+04
7.400000000000000000e+01  -9.859530639648437500e+01  -1.686472320556640625e+02  -2.011440582275390625e+02  2.183510000000000000e+05  1.214508398437500000e+04  2.655842773437500000e+04  1.721165039062500000e+04
7.300000000000000000e+01  -9.963047027587890625e+01  -1.598203887939453125e+02  -2.036564788818359375e+02  2.140810000000000000e+05  1.183302539062500000e+04  2.582128320312500000e+04  1.671212695312500000e+04
7.200000000000000000e+01  -1.021882247924804688e+02  -1.536423034667968750e+02  -2.025558166503906250e+02  2.081990000000000000e+05  1.157858691406250000e+04  2.522265039062500000e+04  1.630503125000000000e+04
7.100000000000000000e+01  -1.018125610351562500e+02  -1.476795349121093750e+02  -2.058790893554687500e+02  2.024400000000000000e+05  1.127671777343750000e+04  2.452550976562500000e+04  1.583563964843750000e+04
7.000000000000000000e+01  -9.935263061523437500e+01  -1.415714721679687500e+02  -2.107816925048828125e+02  1.970440000000000000e+05  1.097879296875000000e+04  2.384649804687500000e+04  1.538233300781250000e+04
6.900000000000000000e+01  -9.674935913085937500e+01  -1.366537475585937500e+02  -2.050685119628906250e+02  1.922740000000000000e+05  1.068983984375000000e+04  2.318845898437500000e+04  1.493351660156250000e+04
6.800000000000000000e+01  -1.090655441284179688e+02  -1.322120208740234375e+02  -1.915402526855468750e+02  1.819160000000000000e+05  1.037710058593750000e+04  2.244560937500000000e+04  1.442188574218750000e+04
6.700000000000000000e+01  -1.180078353881835938e+02  -1.351733703613281250e+02  -1.910612945556640625e+02  1.757900000000000000e+05  1.006885546875000000e+04  2.173403515625000000e+04  1.394006542968750000e+04
6.600000000000000000e+01  -1.170485229492187500e+02  -1.367833404541015625e+02  -1.931710205078125000e+02  1.652230000000000000e+05  9.759936523437500000e+03  2.104458007812500000e+04  1.347879882812500000e+04
6.500000000000000000e+01  -1.153251266479492188e+02  -1.384928894042968750e+02  -1.968506774902343750e+02  1.572540000000000000e+05  9.457333984375000000e+03  2.037591796875000000e+04  1.303306933593750000e+04
6.400000000000000000e+01  -1.115739212036132812e+02  -1.377561035156250000e+02  -1.996673278808593750e+02  2.164740000000000000e+05  9.119794921875000000e+03  1.963725390625000000e+04  1.254135156250000000e+04
6.300000000000000000e+01  -1.086797485351562500e+02  -1.341087951660156250e+02  -2.033215179443359375e+02  2.232010000000000000e+05  8.795382812500000000e+03  1.892221875000000000e+04  1.206879589843750000e+04
6.200000000000000000e+01  -1.055895004272460938e+02  -1.303578491210937500e+02  -2.024853973388671875e+02  2.065500000000000000e+05  8.444103515625000000e+03  1.814834375000000000e+04  1.155874218750000000e+04
6.100000000000000000e+01  -1.049334182739257812e+02  -1.250661163330078125e+02  -1.996847686767578125e+02  1.908200000000000000e+05  8.105711425781250000e+03  1.740312109375000000e+04  1.107070410156250000e+04
6.000000000000000000e+01  -1.040394439697265625e+02  -1.230640029907226562e+02  -1.975203857421875000e+02  1.818390000000000000e+05  7.887665039062500000e+03  1.692452929687500000e+04  1.075533105468750000e+04
5.900000000000000000e+01  -1.022190246582031250e+02  -1.214677352905273438e+02  -1.968142242431640625e+02  1.868240000000000000e+05  7.744194335937500000e+03  1.661262304687500000e+04  1.055216210937500000e+04
5.800000000000000000e+01  -9.441126251220703125e+01  -1.125379791259765625e+02  -2.023670349121093750e+02  1.738480000000000000e+05  7.392234375000000000e+03  1.585351464843750000e+04  1.006919921875000000e+04
5.700000000000000000e+01  -9.197670745849609375e+01  -1.025528564453125000e+02  -2.010964202880859375e+02  1.590340000000000000e+05  7.060020019531250000e+03  1.512659277343750000e+04  9.603873046875000000e+03
5.600000000000000000e+01  -8.864372253417968750e+01  -9.576277160644531250e+01  -1.949757690429687500e+02  1.451620000000000000e+05  6.740549804687500000e+03  1.443346777343750000e+04  9.157129882812500000e+03
5.400000000000000000e+01  -8.431723785400390625e+01  -8.749271392822265625e+01  -1.838176727294921875e+02  1.781490000000000000e+05  6.347122558593750000e+03  1.357994140625000000e+04  8.605613281250000000e+03
5.200000000000000000e+01  -8.105548095703125000e+01  -7.806035614013671875e+01  -1.721584320068359375e+02  1.576460000000000000e+05  5.866368652343750000e+03  1.253758789062500000e+04  7.934461914062500000e+03
5.100000000000000000e+01  -7.943254089355468750e+01  -7.486000823974609375e+01  -1.655308990478515625e+02  1.451230000000000000e+05  5.626436523437500000e+03  1.201884960937500000e+04  7.599452148437500000e+03
5.000000000000000000e+01  -7.524505615234375000e+01  -7.293942260742187500e+01  -1.587793579101562500e+02  1.312120000000000000e+05  5.369896484375000000e+03  1.147006054687500000e+04  7.246003906250000000e+03
4.900000000000000000e+01  -7.431021881103515625e+01  -7.222157287597656250e+01  -1.574284667968750000e+02  1.268100000000000000e+05  5.319801757812500000e+03  1.136238085937500000e+04  7.177010253906250000e+03
4.800000000000000000e+01  -7.056896972656250000e+01  -6.877453613281250000e+01  -1.514255981445312500e+02  1.138730000000000000e+05  5.124564941406250000e+03  1.094269335937500000e+04  6.907970214843750000e+03
4.700000000000000000e+01  -6.466330718994140625e+01  -7.050146484375000000e+01  -1.442799530029296875e+02  1.096620000000000000e+05  4.888966308593750000e+03  1.044726562500000000e+04  6.585695312500000000e+03
4.600000000000000000e+01  -6.120607376098632812e+01  -6.898574066162109375e+01  -1.361139984130859375e+02  1.031490000000000000e+05  4.664182128906250000e+03  9.970853515625000000e+03  6.276767089843750000e+03
4.500000000000000000e+01  -5.934914398193359375e+01  -6.731937408447265625e+01  -1.316063385009765625e+02  1.027170000000000000e+05  4.556295410156250000e+03  9.740016601562500000e+03  6.127320800781250000e+03
4.400000000000000000e+01  -5.797119903564453125e+01  -6.465802001953125000e+01  -1.284155883789062500e+02  1.803890000000000000e+05  4.471737304687500000e+03  9.558559570312500000e+03  6.010516113281250000e+03
4.300000000000000000e+01  -5.582164764404296875e+01  -6.092361450195312500e+01  -1.221275634765625000e+02  1.517080000000000000e+05  4.267624511718750000e+03  9.120584960937500000e+03  5.729409179687500000e+03
4.200000000000000000e+01  -5.545260238647460938e+01  -5.842573547363281250e+01  -1.138016967773437500e+02  1.737950000000000000e+05  4.073631835937500000e+03  8.702277343750000000e+03  5.461285644531250000e+03
4.000000000000000000e+01  -5.312659835815429688e+01  -5.549054718017578125e+01  -1.073007736206054688e+02  1.649540000000000000e+05  3.887528320312500000e+03  8.303217773437500000e+03  5.204886230468750000e+03
3.900000000000000000e+01  -5.249659347534179688e+01  -5.438647079467773438e+01  -1.014829559326171875e+02  1.493600000000000000e+05  3.727008789062500000e+03  7.960829101562500000e+03  4.985447265625000000e+03
3.800000000000000000e+01  -5.034925460815429688e+01  -5.496994781494140625e+01  -9.650325012207031250e+01  1.625400000000000000e+05  3.556384521484375000e+03  7.596567871093750000e+03  4.752805175781250000e+03
3.700000000000000000e+01  -5.051476669311523438e+01  -5.372845840454101562e+01  -9.263859558105468750e+01  2.608660000000000000e+05  3.395334228515625000e+03  7.247615722656250000e+03  4.532001953125000000e+03
3.600000000000000000e+01  -4.974856948852539062e+01  -5.224008560180664062e+01  -8.825059509277343750e+01  2.321290000000000000e+05  3.241263427734375000e+03  6.915318847656250000e+03  4.321192382812500000e+03
3.500000000000000000e+01  -4.953860855102539062e+01  -5.183355712890625000e+01  -8.726103210449218750e+01  2.138750000000000000e+05  3.211309082031250000e+03  6.850588867187500000e+03  4.280110839843750000e+03
3.400000000000000000e+01  -4.838459014892578125e+01  -5.037998580932617188e+01  -8.294081115722656250e+01  2.355140000000000000e+05  3.093618408203125000e+03  6.598387695312500000e+03  4.119587890625000000e+03
3.300000000000000000e+01  -4.683014297485351562e+01  -4.817285537719726562e+01  -7.866217803955078125e+01  2.786570000000000000e+05  2.966088378906250000e+03  6.324982421875000000e+03  3.946093750000000000e+03
3.200000000000000000e+01  -4.578496932983398438e+01  -4.676688003540039062e+01  -7.622015380859375000e+01  1.913170000000000000e+05  2.924441406250000000e+03  6.235472656250000000e+03  3.888847412109375000e+03
3.100000000000000000e+01  -4.509016799926757812e+01  -4.616846466064453125e+01  -7.377137756347656250e+01  3.100990000000000000e+05  2.830694335937500000e+03  6.033866210937500000e+03  3.761264648437500000e+03
3.000000000000000000e+01  -4.365878677368164062e+01  -4.434637451171875000e+01  -6.966724395751953125e+01  3.292300000000000000e+05  2.701238525390625000e+03  5.756346679687500000e+03  3.585781738281250000e+03
2.900000000000000000e+01  -4.467425155639648438e+01  -4.273042678833007812e+01  -6.922648620605468750e+01  5.263950000000000000e+05  2.580254394531250000e+03  5.491826660156250000e+03  3.421663574218750000e+03
