1.260000000000000000e+02  -3.019619464874267578e+00  -2.234218406677246094e+01  -2.394698143005371094e+00  3.664510000000000000e+05  8.232464062500000000e+04  8.030930468750000000e+04  5.417647656250000000e+04
1.240000000000000000e+02  -1.034528827667236328e+01  2.970929527282714844e+01  -1.570501232147216797e+01  3.590980000000000000e+05  7.994393750000000000e+04  7.803389843750000000e+04  5.266316406250000000e+04
1.230000000000000000e+02  -2.678658866882324219e+01  2.547734260559082031e+01  -3.386228942871093750e+01  3.570430000000000000e+05  7.916947656250000000e+04  7.729591406250000000e+04  5.217361718750000000e+04
1.220000000000000000e+02  -4.430378723144531250e+01  7.654456615447998047e+00  -4.674770736694335938e+01  3.533920000000000000e+05  7.802321093750000000e+04  7.620358593750000000e+04  5.144619531250000000e+04
1.210000000000000000e+02  -4.937607574462890625e+01  -7.793748378753662109e+00  -4.560142135620117188e+01  3.505280000000000000e+05  7.726757812500000000e+04  7.548346875000000000e+04  5.096402734375000000e+04
1.200000000000000000e+02  -3.945247650146484375e+01  -3.013273811340332031e+01  -2.268065643310546875e+01  3.481200000000000000e+05  7.614386718750000000e+04  7.441550781250000000e+04  5.024203906250000000e+04
1.190000000000000000e+02  -3.705435991287231445e+00  -4.065014266967773438e+01  7.611907005310058594e+00  3.445840000000000000e+05  7.502837500000000000e+04  7.335589062500000000e+04  4.952375000000000000e+04
1.180000000000000000e+02  2.682925796508789062e+01  -2.545339775085449219e+01  2.577925872802734375e+01  3.428560000000000000e+05  7.428890625000000000e+04  7.265059375000000000e+04  4.904934375000000000e+04
1.170000000000000000e+02  6.006271362304687500e+01  1.593819236755371094e+01  3.392443466186523438e+01  3.381110000000000000e+05  7.319579687500000000e+04  7.159832812500000000e+04  4.835260156250000000e+04
1.160000000000000000e+02  7.535948181152343750e+01  5.573548889160156250e+01  2.814928054809570312e+01  3.339960000000000000e+05  7.212393750000000000e+04  7.056205468750000000e+04  4.767150781250000000e+04
1.150000000000000000e+02  7.993873596191406250e+01  7.936354827880859375e+01  2.197498321533203125e+01  3.315380000000000000e+05  7.141962500000000000e+04  6.988067968750000000e+04  4.722331640625000000e+04
1.140000000000000000e+02  8.200238800048828125e+01  1.103732910156250000e+02  1.275487709045410156e+01  3.280190000000000000e+05  7.037605468750000000e+04  6.887189843750000000e+04  4.656015625000000000e+04
1.130000000000000000e+02  7.547879791259765625e+01  1.365996398925781250e+02  2.337932586669921875e+00  3.244290000000000000e+05  6.935021875000000000e+04  6.787979687500000000e+04  4.590665234375000000e+04
1.120000000000000000e+02  6.532294464111328125e+01  1.555324096679687500e+02  -6.351073741912841797e+00  3.228630000000000000e+05  6.834019531250000000e+04  6.690407031250000000e+04  4.526267187500000000e+04
1.110000000000000000e+02  5.181649780273437500e+01  1.687051544189453125e+02  -1.376202011108398438e+01  3.191970000000000000e+05  6.734660937500000000e+04  6.594439062500000000e+04  4.462951953125000000e+04
1.100000000000000000e+02  4.169164657592773438e+01  1.747672729492187500e+02  -1.596059226989746094e+01  3.175010000000000000e+05  6.669223437500000000e+04  6.531240625000000000e+04  4.421158984375000000e+04
1.090000000000000000e+02  2.509048080444335938e+01  1.764615325927734375e+02  -1.809923744201660156e+01  3.138000000000000000e+05  6.572498437500000000e+04  6.437800390625000000e+04  4.359330078125000000e+04
1.080000000000000000e+02  1.022191810607910156e+01  1.705780181884765625e+02  -1.912002182006835938e+01  3.110870000000000000e+05  6.477282421875000000e+04  6.346098828125000000e+04  4.298402343750000000e+04
1.070000000000000000e+02  -7.275919437408447266e+00  1.569402465820312500e+02  -1.909635734558105469e+01  3.066230000000000000e+05  6.383656250000000000e+04  6.256056640625000000e+04  4.238215234375000000e+04
1.060000000000000000e+02  -2.475184249877929688e+01  1.336175689697265625e+02  -1.973213005065917969e+01  3.042520000000000000e+05  6.291481250000000000e+04  6.167692187500000000e+04  4.178957031250000000e+04
1.050000000000000000e+02  -4.259515762329101562e+01  9.837335205078125000e+01  -1.806353759765625000e+01  3.016180000000000000e+05  6.200789453125000000e+04  6.081069921875000000e+04  4.120437890625000000e+04
1.040000000000000000e+02  -5.745122146606445312e+01  5.280434799194335938e+01  -1.322168159484863281e+01  2.976510000000000000e+05  6.111394921875000000e+04  5.996210156250000000e+04  4.062651953125000000e+04
1.030000000000000000e+02  -6.406392669677734375e+01  -3.030798912048339844e+00  -4.872904300689697266e+00  2.941700000000000000e+05  6.022946484375000000e+04  5.912950781250000000e+04  4.005416015625000000e+04
1.020000000000000000e+02  -5.165158081054687500e+01  -5.803887939453125000e+01  3.639485597610473633e+00  2.913220000000000000e+05  5.935155859375000000e+04  5.830929296875000000e+04  3.948828125000000000e+04
1.010000000000000000e+02  -2.529991531372070312e+01  -1.033417739868164062e+02  1.297827148437500000e+01  2.881340000000000000e+05  5.848007812500000000e+04  5.749746875000000000e+04  3.892859765625000000e+04
1.000000000000000000e+02  1.687149238586425781e+01  -1.534348144531250000e+02  2.493403625488281250e+01  2.836690000000000000e+05  5.733556640625000000e+04  5.642799609375000000e+04  3.819212500000000000e+04
9.900000000000000000e+01  4.884148025512695312e+01  -1.805583190917968750e+02  3.042049217224121094e+01  2.808740000000000000e+05  5.649267578125000000e+04  5.563583593750000000e+04  3.765034375000000000e+04
9.800000000000000000e+01  7.847837829589843750e+01  -1.993528137207031250e+02  3.520970153808593750e+01  2.779010000000000000e+05  5.566023437500000000e+04  5.485328515625000000e+04  3.711458984375000000e+04
9.700000000000000000e+01  1.062301559448242188e+02  -2.153077850341796875e+02  3.930789184570312500e+01  2.752420000000000000e+05  5.483964843750000000e+04  5.407926562500000000e+04  3.658682031250000000e+04
9.600000000000000000e+01  1.414183959960937500e+02  -2.291448822021484375e+02  4.435318756103515625e+01  2.732870000000000000e+05  5.376439843750000000e+04  5.306171484375000000e+04  3.589403515625000000e+04
9.500000000000000000e+01  1.656621856689453125e+02  -2.369152984619140625e+02  4.743136215209960938e+01  2.712080000000000000e+05  5.297243750000000000e+04  5.230986718750000000e+04  3.538304687500000000e+04
9.400000000000000000e+01  1.973622894287109375e+02  -2.405213775634765625e+02  4.899711227416992188e+01  2.686490000000000000e+05  5.193332812500000000e+04  5.132195312500000000e+04  3.471277734375000000e+04
9.300000000000000000e+01  2.176123962402343750e+02  -2.412000885009765625e+02  4.974222946166992188e+01  2.661750000000000000e+05  5.116901171875000000e+04  5.059250390625000000e+04  3.421801562500000000e+04
9.200000000000000000e+01  2.407636108398437500e+02  -2.417301788330078125e+02  5.181016540527343750e+01  2.697130000000000000e+05  5.016755078125000000e+04  4.963501953125000000e+04  3.357132812500000000e+04
9.100000000000000000e+01  2.580030517578125000e+02  -2.404687194824218750e+02  5.456687927246093750e+01  2.842840000000000000e+05  4.942944140625000000e+04  4.892759765625000000e+04  3.309375390625000000e+04
9.000000000000000000e+01  2.796697082519531250e+02  -2.336944274902343750e+02  5.664420700073242188e+01  2.620320000000000000e+05  4.846367578125000000e+04  4.799851562500000000e+04  3.246873632812500000e+04
8.900000000000000000e+01  3.000517578125000000e+02  -2.287329711914062500e+02  5.720088577270507812e+01  2.777560000000000000e+05  4.751555859375000000e+04  4.708721875000000000e+04  3.185474804687500000e+04
8.800000000000000000e+01  3.161201782226562500e+02  -2.230597991943359375e+02  5.657431030273437500e+01  2.739700000000000000e+05  4.658721484375000000e+04  4.619376562500000000e+04  3.125202929687500000e+04
8.700000000000000000e+01  3.248833618164062500e+02  -2.184948425292968750e+02  5.511015319824218750e+01  2.907600000000000000e+05  4.590401953125000000e+04  4.553447265625000000e+04  3.080943750000000000e+04
8.600000000000000000e+01  3.385434875488281250e+02  -2.120174407958984375e+02  5.582843780517578125e+01  2.862700000000000000e+05  4.500818750000000000e+04  4.467047265625000000e+04  3.022760742187500000e+04
8.500000000000000000e+01  3.421033630371093750e+02  -2.105781402587890625e+02  5.628381347656250000e+01  2.869870000000000000e+05  4.478701562500000000e+04  4.445737500000000000e+04  3.008367968750000000e+04
8.400000000000000000e+01  3.586764526367187500e+02  -2.016841125488281250e+02  5.620070266723632812e+01  2.821110000000000000e+05  4.391374609375000000e+04  4.361387890625000000e+04  2.951578125000000000e+04
8.300000000000000000e+01  3.705385742187500000e+02  -1.951643218994140625e+02  5.415985870361328125e+01  2.747410000000000000e+05  4.305644921875000000e+04  4.278451562500000000e+04  2.895780664062500000e+04
8.200000000000000000e+01  3.815058288574218750e+02  -1.913368530273437500e+02  5.400368118286132812e+01  2.703370000000000000e+05  4.221780859375000000e+04  4.197153515625000000e+04  2.841111718750000000e+04
8.100000000000000000e+01  3.985777893066406250e+02  -1.827608947753906250e+02  5.247860336303710938e+01  2.646900000000000000e+05  4.139653125000000000e+04  4.117578125000000000e+04  2.787607421875000000e+04
8.000000000000000000e+01  4.134641418457031250e+02  -1.668845367431640625e+02  4.636743545532226562e+01  2.569210000000000000e+05  4.039200390625000000e+04  4.019886328125000000e+04  2.722044921875000000e+04
7.900000000000000000e+01  4.199922485351562500e+02  -1.594487457275390625e+02  4.032735061645507812e+01  2.513360000000000000e+05  3.960721093750000000e+04  3.943425781250000000e+04  2.670843750000000000e+04
7.800000000000000000e+01  4.307843933105468750e+02  -1.502839965820312500e+02  3.722637557983398438e+01  2.409050000000000000e+05  3.864676171875000000e+04  3.849819531250000000e+04  2.608169531250000000e+04
7.700000000000000000e+01  4.408066101074218750e+02  -1.369017028808593750e+02  3.914839553833007812e+01  2.293020000000000000e+05  3.770945703125000000e+04  3.758403125000000000e+04  2.546815625000000000e+04
7.600000000000000000e+01  4.435242919921875000e+02  -1.193347167968750000e+02  4.375989151000976562e+01  2.228090000000000000e+05  3.679701953125000000e+04  3.669267968750000000e+04  2.486980078125000000e+04
7.500000000000000000e+01  4.490748291015625000e+02  -9.509022521972656250e+01  4.626568984985351562e+01  2.157590000000000000e+05  3.590522656250000000e+04  3.582066796875000000e+04  2.428639257812500000e+04
7.400000000000000000e+01  4.500518493652343750e+02  -7.526804351806640625e+01  3.875637817382812500e+01  2.070560000000000000e+05  3.503810546875000000e+04  3.496884765625000000e+04  2.371470898437500000e+04
7.300000000000000000e+01  4.543833618164062500e+02  -5.852268600463867188e+01  2.189460563659667969e+01  1.999200000000000000e+05  3.402597656250000000e+04  3.397017968750000000e+04  2.304827734375000000e+04
7.200000000000000000e+01  4.577184143066406250e+02  -4.687649536132812500e+01  9.544253349304199219e+00  1.925800000000000000e+05  3.320394140625000000e+04  3.315897265625000000e+04  2.250671289062500000e+04
7.100000000000000000e+01  4.604494323730468750e+02  -3.514725112915039062e+01  -2.032509803771972656e+00  1.848940000000000000e+05  3.224429882812500000e+04  3.221300976562500000e+04  2.187365625000000000e+04
7.000000000000000000e+01  4.607953186035156250e+02  -2.410567855834960938e+01  -1.131864166259765625e+01  1.786840000000000000e+05  3.131335742187500000e+04  3.129626367187500000e+04  2.125828125000000000e+04
6.900000000000000000e+01  4.668004760742187500e+02  -1.594991111755371094e+01  -1.181149387359619141e+01  1.703260000000000000e+05  3.040429296875000000e+04  3.040933789062500000e+04  2.065436914062500000e+04
6.800000000000000000e+01  4.741674804687500000e+02  1.478654295206069946e-01  -1.085147476196289062e+01  1.612680000000000000e+05  2.937368164062500000e+04  2.939928320312500000e+04  1.996990820312500000e+04
6.700000000000000000e+01  4.714234313964843750e+02  1.857000160217285156e+01  -1.439148330688476562e+01  1.472230000000000000e+05  2.838605273437500000e+04  2.841801757812500000e+04  1.931369140625000000e+04
6.600000000000000000e+01  4.722034912109375000e+02  3.329986190795898438e+01  -2.112289047241210938e+01  1.375320000000000000e+05  2.743278906250000000e+04  2.747356054687500000e+04  1.868021093750000000e+04
6.500000000000000000e+01  4.713985290527343750e+02  4.526129913330078125e+01  -2.702626609802246094e+01  1.305860000000000000e+05  2.651463281250000000e+04  2.656104882812500000e+04  1.806718359375000000e+04
6.400000000000000000e+01  4.712019653320312500e+02  5.322303390502929688e+01  -3.169023513793945312e+01  1.309170000000000000e+05  2.550253710937500000e+04  2.555593359375000000e+04  1.738919726562500000e+04
6.300000000000000000e+01  4.687262573242187500e+02  6.054299926757812500e+01  -3.190865707397460938e+01  1.232890000000000000e+05  2.453032226562500000e+04  2.458970703125000000e+04  1.673669726562500000e+04
6.200000000000000000e+01  4.604573059082031250e+02  6.914595794677734375e+01  -3.728628921508789062e+01  1.122600000000000000e+05  2.348739453125000000e+04  2.354910937500000000e+04  1.603830566406250000e+04
6.100000000000000000e+01  4.652560424804687500e+02  8.345479583740234375e+01  -3.197332000732421875e+01  1.031290000000000000e+05  2.247189648437500000e+04  2.254628906250000000e+04  1.535805761718750000e+04
6.000000000000000000e+01  4.634558105468750000e+02  8.893954467773437500e+01  -2.811910629272460938e+01  9.558300000000000000e+04  2.182338085937500000e+04  2.190579882812500000e+04  1.492060058593750000e+04
5.900000000000000000e+01  4.613442993164062500e+02  9.153752136230468750e+01  -2.708308601379394531e+01  9.112300000000000000e+04  2.140199023437500000e+04  2.148955859375000000e+04  1.463652832031250000e+04
5.800000000000000000e+01  4.564856567382812500e+02  1.003654098510742188e+02  -2.287344741821289062e+01  8.077500000000000000e+04  2.038776367187500000e+04  2.048112500000000000e+04  1.395065332031250000e+04
5.700000000000000000e+01  4.479124450683593750e+02  1.058047790527343750e+02  -2.049871063232421875e+01  7.054300000000000000e+04  1.942233203125000000e+04  1.952104687500000000e+04  1.329918066406250000e+04
5.600000000000000000e+01  4.337251586914062500e+02  1.107585449218750000e+02  -2.002500915527343750e+01  7.652100000000000000e+04  1.850861914062500000e+04  1.860713671875000000e+04  1.268006250000000000e+04
5.400000000000000000e+01  4.148995361328125000e+02  1.159378662109375000e+02  -2.097959136962890625e+01  6.194300000000000000e+04  1.738622460937500000e+04  1.748335742187500000e+04  1.191801367187500000e+04
5.200000000000000000e+01  4.083870239257812500e+02  1.236005859375000000e+02  -1.901547431945800781e+01  5.441800000000000000e+04  1.601477539062500000e+04  1.611662988281250000e+04  1.099330664062500000e+04
5.100000000000000000e+01  3.986153564453125000e+02  1.247523193359375000e+02  -1.918640899658203125e+01  4.755900000000000000e+04  1.533682324218750000e+04  1.543825390625000000e+04  1.053366894531250000e+04
5.000000000000000000e+01  3.857233886718750000e+02  1.250300750732421875e+02  -2.210435676574707031e+01  3.994900000000000000e+04  1.461723437500000000e+04  1.471913281250000000e+04  1.004878515625000000e+04
4.900000000000000000e+01  3.836720581054687500e+02  1.249614715576171875e+02  -2.240781593322753906e+01  4.055200000000000000e+04  1.447730175781250000e+04  1.457944531250000000e+04  9.954248046875000000e+03
4.800000000000000000e+01  3.769537963867187500e+02  1.241870880126953125e+02  -2.498300361633300781e+01  3.417100000000000000e+04  1.392804980468750000e+04  1.403236914062500000e+04  9.584961914062500000e+03
4.700000000000000000e+01  3.682453918457031250e+02  1.260865402221679688e+02  -2.877484130859375000e+01  3.113900000000000000e+04  1.327152832031250000e+04  1.337526074218750000e+04  9.144393554687500000e+03
4.600000000000000000e+01  3.622620544433593750e+02  1.271596145629882812e+02  -3.076127243041992188e+01  2.648500000000000000e+04  1.264404589843750000e+04  1.274995117187500000e+04  8.722666992187500000e+03
4.500000000000000000e+01  3.586915893554687500e+02  1.278347091674804688e+02  -3.099133682250976562e+01  4.271000000000000000e+04  1.234229296875000000e+04  1.244765234375000000e+04  8.519055664062500000e+03
4.400000000000000000e+01  3.538146972656250000e+02  1.285806121826171875e+02  -3.167162704467773438e+01  4.432100000000000000e+04  1.210845410156250000e+04  1.221120312500000000e+04  8.359831054687500000e+03
4.300000000000000000e+01  3.438976745605468750e+02  1.289722747802734375e+02  -3.124134063720703125e+01  5.965100000000000000e+04  1.153984765625000000e+04  1.163993359375000000e+04  7.973895507812500000e+03
4.200000000000000000e+01  3.303633728027343750e+02  1.333764190673828125e+02  -3.157074928283691406e+01  4.838400000000000000e+04  1.100095800781250000e+04  1.109169238281250000e+04  7.605642089843750000e+03
4.100000000000000000e+01  3.251201171875000000e+02  1.335276184082031250e+02  -3.067512130737304688e+01  4.476400000000000000e+04  1.079287890625000000e+04  1.088111425781250000e+04  7.462537597656250000e+03
4.000000000000000000e+01  3.170949096679687500e+02  1.326635742187500000e+02  -2.874468231201171875e+01  4.291500000000000000e+04  1.048738085937500000e+04  1.057346972656250000e+04  7.252576660156250000e+03
3.900000000000000000e+01  3.069694519042968750e+02  1.297006988525390625e+02  -2.735753059387207031e+01  8.155100000000000000e+04  1.004489160156250000e+04  1.012863769531250000e+04  6.949210449218750000e+03
3.800000000000000000e+01  2.938952636718750000e+02  1.256188583374023438e+02  -2.583156013488769531e+01  3.022800000000000000e+04  9.577345703125000000e+03  9.656913085937500000e+03  6.626308105468750000e+03
3.700000000000000000e+01  2.827724304199218750e+02  1.211261062622070312e+02  -2.568309593200683594e+01  2.620500000000000000e+04  9.131175781250000000e+03  9.208198242187500000e+03  6.319637207031250000e+03
3.600000000000000000e+01  2.696454772949218750e+02  1.177273788452148438e+02  -2.561182594299316406e+01  1.092880000000000000e+05  8.707169921875000000e+03  8.780338867187500000e+03  6.026997558593750000e+03
3.500000000000000000e+01  2.692817687988281250e+02  1.154425277709960938e+02  -2.320966148376464844e+01  1.891870000000000000e+05  8.622406250000000000e+03  8.697372070312500000e+03  5.970392089843750000e+03
3.400000000000000000e+01  2.613208923339843750e+02  1.121875534057617188e+02  -2.225805473327636719e+01  1.529400000000000000e+05  8.299413085937500000e+03  8.372365234375000000e+03  5.748356445312500000e+03
3.300000000000000000e+01  2.523271026611328125e+02  1.088454513549804688e+02  -2.190870857238769531e+01  1.483520000000000000e+05  7.950178710937500000e+03  8.020968261718750000e+03  5.507901855468750000e+03
3.200000000000000000e+01  2.502155609130859375e+02  1.079768218994140625e+02  -2.099854850769042969e+01  2.347080000000000000e+05  7.836730957031250000e+03  7.907177734375000000e+03  5.430282714843750000e+03
3.100000000000000000e+01  2.433913421630859375e+02  1.047248611450195312e+02  -2.074874114990234375e+01  2.300290000000000000e+05  7.579687988281250000e+03  7.648589355468750000e+03  5.253444824218750000e+03
3.000000000000000000e+01  2.339627532958984375e+02  1.009953079223632812e+02  -2.052660942077636719e+01  1.921400000000000000e+05  7.226300781250000000e+03  7.292630859375000000e+03  5.009918945312500000e+03
2.900000000000000000e+01  2.245767211914062500e+02  9.760155487060546875e+01  -2.023923301696777344e+01  2.080300000000000000e+05  6.890274414062500000e+03  6.953796386718750000e+03  4.778282226562500000e+03
2.800000000000000000e+01  2.169432067871093750e+02  9.399903869628906250e+01  -1.995335960388183594e+01  2.094060000000000000e+05  6.600233886718750000e+03  6.662239746093750000e+03  4.578779785156250000e+03
2.700000000000000000e+01  2.079415130615234375e+02  9.082461547851562500e+01  -1.780356025695800781e+01  2.184090000000000000e+05  6.293199218750000000e+03  6.352402832031250000e+03  4.366546875000000000e+03
