1.210000000000000000e+02  -3.351593780517578125e+01  -3.214098691940307617e+00  1.489179420471191406e+01  3.432520000000000000e+05  2.104025976562500000e+04  1.568004785156250000e+04  8.966852343750000000e+04
1.200000000000000000e+02  -2.066238403320312500e+01  9.488893151283264160e-01  1.013075447082519531e+01  3.402000000000000000e+05  2.071849218750000000e+04  1.542833984375000000e+04  8.840261718750000000e+04
1.190000000000000000e+02  4.033945083618164062e+01  -9.725056648254394531e+00  -1.975623321533203125e+01  3.368520000000000000e+05  2.038404296875000000e+04  1.518589453125000000e+04  8.716184375000000000e+04
1.180000000000000000e+02  6.642820739746093750e+01  -3.116615486145019531e+01  -3.283053970336914062e+01  3.359040000000000000e+05  2.016837304687500000e+04  1.503236621093750000e+04  8.634156250000000000e+04
1.170000000000000000e+02  9.647023773193359375e+01  -5.972694778442382812e+01  -4.912639999389648438e+01  3.322110000000000000e+05  1.985138281250000000e+04  1.480402441406250000e+04  8.512580468750000000e+04
1.160000000000000000e+02  1.182146606445312500e+02  -8.598419952392578125e+01  -6.209646224975585938e+01  3.652060000000000000e+05  1.954145117187500000e+04  1.457872656250000000e+04  8.392558593750000000e+04
1.150000000000000000e+02  1.315121917724609375e+02  -1.012328567504882812e+02  -7.058313751220703125e+01  3.641660000000000000e+05  1.933696093750000000e+04  1.443044824218750000e+04  8.313503906250000000e+04
1.140000000000000000e+02  1.467541198730468750e+02  -1.232033462524414062e+02  -8.196801757812500000e+01  3.601230000000000000e+05  1.903425585937500000e+04  1.421195996093750000e+04  8.196461718750000000e+04
1.130000000000000000e+02  1.615799407958984375e+02  -1.474919891357421875e+02  -8.974781036376953125e+01  3.572990000000000000e+05  1.873655859375000000e+04  1.399628125000000000e+04  8.080757031250000000e+04
1.120000000000000000e+02  1.726251983642578125e+02  -1.654744873046875000e+02  -9.681525421142578125e+01  3.532890000000000000e+05  1.844380859375000000e+04  1.378189453125000000e+04  7.966620312500000000e+04
1.110000000000000000e+02  1.828212127685546875e+02  -1.869502258300781250e+02  -1.014346923828125000e+02  3.507550000000000000e+05  1.815584375000000000e+04  1.357114941406250000e+04  7.853964062500000000e+04
1.100000000000000000e+02  1.914659423828125000e+02  -1.995390167236328125e+02  -1.029649887084960938e+02  3.485840000000000000e+05  1.796494726562500000e+04  1.343180761718750000e+04  7.779720312500000000e+04
1.090000000000000000e+02  1.992403564453125000e+02  -2.144007873535156250e+02  -1.009971237182617188e+02  3.456010000000000000e+05  1.768489453125000000e+04  1.322460253906250000e+04  7.669575781250000000e+04
1.080000000000000000e+02  2.043551330566406250e+02  -2.278439483642578125e+02  -1.022429656982421875e+02  3.431010000000000000e+05  1.740914257812500000e+04  1.301990722656250000e+04  7.560956250000000000e+04
1.070000000000000000e+02  2.063399200439453125e+02  -2.419731597900390625e+02  -1.035431365966796875e+02  3.398180000000000000e+05  1.713782031250000000e+04  1.281803613281250000e+04  7.453827343750000000e+04
1.060000000000000000e+02  2.084490356445312500e+02  -2.557915191650390625e+02  -1.043314285278320312e+02  3.372280000000000000e+05  1.686989843750000000e+04  1.261929589843750000e+04  7.348253906250000000e+04
1.050000000000000000e+02  2.085928344726562500e+02  -2.664998474121093750e+02  -1.010205917358398438e+02  3.344440000000000000e+05  1.660767578125000000e+04  1.242223828125000000e+04  7.243995312500000000e+04
1.040000000000000000e+02  2.056924438476562500e+02  -2.713346557617187500e+02  -1.011677703857421875e+02  3.316870000000000000e+05  1.635034472656250000e+04  1.222702343750000000e+04  7.141390625000000000e+04
1.030000000000000000e+02  2.010995941162109375e+02  -2.778875122070312500e+02  -1.004187469482421875e+02  3.668100000000000000e+05  1.609484863281250000e+04  1.203492285156250000e+04  7.040089062500000000e+04
1.020000000000000000e+02  1.945250549316406250e+02  -2.818699645996093750e+02  -9.344743347167968750e+01  3.647610000000000000e+05  1.584455175781250000e+04  1.184459667968750000e+04  6.940137500000000000e+04
1.010000000000000000e+02  1.868663024902343750e+02  -2.845029296875000000e+02  -8.481625366210937500e+01  3.630210000000000000e+05  1.559748730468750000e+04  1.165833398437500000e+04  6.841668750000000000e+04
1.000000000000000000e+02  1.760944366455078125e+02  -2.961981811523437500e+02  -7.134471893310546875e+01  3.600610000000000000e+05  1.527758789062500000e+04  1.141360253906250000e+04  6.712326562500000000e+04
9.900000000000000000e+01  1.709972534179687500e+02  -3.033727416992187500e+02  -5.818908309936523438e+01  3.571610000000000000e+05  1.504026953125000000e+04  1.123233593750000000e+04  6.617054687500000000e+04
9.800000000000000000e+01  1.673649902343750000e+02  -3.065389404296875000e+02  -4.793638610839843750e+01  3.559120000000000000e+05  1.480458691406250000e+04  1.105459375000000000e+04  6.523003125000000000e+04
9.700000000000000000e+01  1.584022674560546875e+02  -3.135370178222656250e+02  -4.056631088256835938e+01  3.525050000000000000e+05  1.457732812500000000e+04  1.088055371093750000e+04  6.430160937500000000e+04
9.600000000000000000e+01  1.507869262695312500e+02  -3.243504638671875000e+02  -2.619876861572265625e+01  3.497070000000000000e+05  1.427879980468750000e+04  1.065139843750000000e+04  6.308406250000000000e+04
9.500000000000000000e+01  1.460130767822265625e+02  -3.290732421875000000e+02  -1.432764625549316406e+01  3.487130000000000000e+05  1.405845019531250000e+04  1.048213378906250000e+04  6.218568750000000000e+04
9.400000000000000000e+01  1.371838989257812500e+02  -3.337143554687500000e+02  7.942015528678894043e-01  3.474570000000000000e+05  1.377091796875000000e+04  1.026062695312500000e+04  6.100656640625000000e+04
9.300000000000000000e+01  1.308926239013671875e+02  -3.369961242675781250e+02  1.153022098541259766e+01  3.444060000000000000e+05  1.355995312500000000e+04  1.009701953125000000e+04  6.013667578125000000e+04
9.200000000000000000e+01  1.226448593139648438e+02  -3.377001037597656250e+02  3.130171775817871094e+01  3.396450000000000000e+05  1.328462988281250000e+04  9.881439453125000000e+03  5.899430859375000000e+04
9.100000000000000000e+01  1.162088851928710938e+02  -3.345000610351562500e+02  4.271035766601562500e+01  3.370060000000000000e+05  1.308069140625000000e+04  9.721913085937500000e+03  5.815226953125000000e+04
9.000000000000000000e+01  1.067462005615234375e+02  -3.317324218750000000e+02  5.650934600830078125e+01  3.314010000000000000e+05  1.281644433593750000e+04  9.512600585937500000e+03  5.704671093750000000e+04
8.900000000000000000e+01  9.712858581542968750e+01  -3.299277038574218750e+02  7.159226226806640625e+01  3.243690000000000000e+05  1.255910253906250000e+04  9.307977539062500000e+03  5.596072656250000000e+04
8.800000000000000000e+01  8.895586395263671875e+01  -3.219176940917968750e+02  8.851872253417968750e+01  3.188150000000000000e+05  1.230468164062500000e+04  9.106163085937500000e+03  5.489690234375000000e+04
8.700000000000000000e+01  8.168523406982421875e+01  -3.147356567382812500e+02  9.928532409667968750e+01  3.152090000000000000e+05  1.211995410156250000e+04  8.956930664062500000e+03  5.411214453125000000e+04
8.600000000000000000e+01  7.489010620117187500e+01  -3.064576721191406250e+02  1.152129745483398438e+02  3.090590000000000000e+05  1.187501953125000000e+04  8.761967773437500000e+03  5.308279296875000000e+04
8.500000000000000000e+01  7.344676208496093750e+01  -3.036054687500000000e+02  1.201128768920898438e+02  2.638430000000000000e+05  1.181451269531250000e+04  8.713391601562500000e+03  5.282819921875000000e+04
8.400000000000000000e+01  6.422995758056640625e+01  -2.902812500000000000e+02  1.403368377685546875e+02  2.583960000000000000e+05  1.157969140625000000e+04  8.521502929687500000e+03  5.182323437500000000e+04
8.300000000000000000e+01  5.508663940429687500e+01  -2.762971191406250000e+02  1.572398529052734375e+02  2.532490000000000000e+05  1.134784472656250000e+04  8.334724609375000000e+03  5.083420312500000000e+04
8.200000000000000000e+01  4.631924057006835938e+01  -2.605499877929687500e+02  1.716559753417968750e+02  2.384420000000000000e+05  1.112339550781250000e+04  8.148421386718750000e+03  4.986568750000000000e+04
8.100000000000000000e+01  3.971047592163085938e+01  -2.432041320800781250e+02  1.871388397216796875e+02  2.748490000000000000e+05  1.090440722656250000e+04  7.965653320312500000e+03  4.891576562500000000e+04
8.000000000000000000e+01  3.411226654052734375e+01  -2.178718719482421875e+02  2.039644012451171875e+02  2.770480000000000000e+05  1.063305957031250000e+04  7.741152343750000000e+03  4.774997656250000000e+04
7.900000000000000000e+01  2.907334899902343750e+01  -1.975131988525390625e+02  2.155743865966796875e+02  2.550760000000000000e+05  1.042256835937500000e+04  7.565819824218750000e+03  4.683819921875000000e+04
7.800000000000000000e+01  2.131714248657226562e+01  -1.721397552490234375e+02  2.294795074462890625e+02  2.459900000000000000e+05  1.016686718750000000e+04  7.351712402343750000e+03  4.572330078125000000e+04
7.700000000000000000e+01  1.319852161407470703e+01  -1.455861816406250000e+02  2.524287719726562500e+02  2.382270000000000000e+05  9.919915039062500000e+03  7.143546386718750000e+03  4.463076171875000000e+04
7.600000000000000000e+01  2.382327318191528320e+00  -1.101829223632812500e+02  2.674504089355468750e+02  2.324660000000000000e+05  9.676030273437500000e+03  6.938390136718750000e+03  4.356463281250000000e+04
7.500000000000000000e+01  -7.696732521057128906e+00  -8.765835571289062500e+01  2.681847839355468750e+02  2.268810000000000000e+05  9.438146484375000000e+03  6.742256835937500000e+03  4.252228515625000000e+04
7.400000000000000000e+01  -1.100106811523437500e+01  -5.948764038085937500e+01  2.899582214355468750e+02  2.263930000000000000e+05  9.204403320312500000e+03  6.550309082031250000e+03  4.150739843750000000e+04
7.300000000000000000e+01  -2.014693641662597656e+01  -2.617668914794921875e+01  2.926539001464843750e+02  2.387250000000000000e+05  8.933196289062500000e+03  6.325984863281250000e+03  4.032343750000000000e+04
7.200000000000000000e+01  -2.626802444458007812e+01  -1.162185001373291016e+01  2.873721313476562500e+02  2.345210000000000000e+05  8.711540039062500000e+03  6.148569335937500000e+03  3.936222265625000000e+04
7.100000000000000000e+01  -2.805672454833984375e+01  8.140151202678680420e-02  2.892514343261718750e+02  2.277540000000000000e+05  8.452285156250000000e+03  5.944064453125000000e+03  3.823617968750000000e+04
7.000000000000000000e+01  -2.075903320312500000e+01  1.128866386413574219e+01  2.979920349121093750e+02  2.218980000000000000e+05  8.198166015625000000e+03  5.743686035156250000e+03  3.714433984375000000e+04
6.900000000000000000e+01  -1.229536056518554688e+01  2.591526222229003906e+01  3.073548583984375000e+02  2.145960000000000000e+05  7.950828613281250000e+03  5.549795410156250000e+03  3.608604296875000000e+04
6.800000000000000000e+01  -9.553030967712402344e+00  4.478058242797851562e+01  3.176999816894531250e+02  2.080600000000000000e+05  7.675763183593750000e+03  5.332581054687500000e+03  3.489220703125000000e+04
6.700000000000000000e+01  -1.138632869720458984e+01  6.350829696655273438e+01  3.250912475585937500e+02  1.969860000000000000e+05  7.411873046875000000e+03  5.125045410156250000e+03  3.373758984375000000e+04
6.600000000000000000e+01  -1.399227237701416016e+01  8.047177886962890625e+01  3.332165527343750000e+02  1.851250000000000000e+05  7.159214843750000000e+03  4.926963378906250000e+03  3.262112500000000000e+04
6.500000000000000000e+01  -1.739631843566894531e+01  9.724570465087890625e+01  3.410175476074218750e+02  1.739280000000000000e+05  6.912396972656250000e+03  4.736444824218750000e+03  3.154046679687500000e+04
6.400000000000000000e+01  -2.373505401611328125e+01  1.109363632202148438e+02  3.447342224121093750e+02  1.576210000000000000e+05  6.643029296875000000e+03  4.532158203125000000e+03  3.035034570312500000e+04
6.300000000000000000e+01  -2.440379333496093750e+01  1.268734359741210938e+02  3.461372680664062500e+02  1.540440000000000000e+05  6.383457031250000000e+03  4.337389648437500000e+03  2.920151367187500000e+04
6.200000000000000000e+01  -2.939011764526367188e+01  1.427059783935546875e+02  3.477259521484375000e+02  1.398750000000000000e+05  6.104581542968750000e+03  4.128788085937500000e+03  2.796478710937500000e+04
6.100000000000000000e+01  -3.952085494995117188e+01  1.537924652099609375e+02  3.488964538574218750e+02  1.268070000000000000e+05  5.839102050781250000e+03  3.935923339843750000e+03  2.677818945312500000e+04
6.000000000000000000e+01  -4.321035385131835938e+01  1.661321105957031250e+02  3.458710937500000000e+02  1.185260000000000000e+05  5.665904785156250000e+03  3.807766601562500000e+03  2.601957031250000000e+04
5.900000000000000000e+01  -4.634742355346679688e+01  1.755839843750000000e+02  3.442912597656250000e+02  1.143940000000000000e+05  5.553611328125000000e+03  3.723095214843750000e+03  2.552491601562500000e+04
5.800000000000000000e+01  -4.896168899536132812e+01  1.958380126953125000e+02  3.359219970703125000e+02  1.069720000000000000e+05  5.280252441406250000e+03  3.518631591796875000e+03  2.433291210937500000e+04
5.700000000000000000e+01  -4.859810638427734375e+01  2.073784790039062500e+02  3.262348022460937500e+02  9.562900000000000000e+04  5.022729980468750000e+03  3.330104980468750000e+03  2.319689453125000000e+04
5.600000000000000000e+01  -4.878931045532226562e+01  2.191324005126953125e+02  3.193325500488281250e+02  9.311700000000000000e+04  4.780844726562500000e+03  3.151655761718750000e+03  2.211337304687500000e+04
5.400000000000000000e+01  -4.582409286499023438e+01  2.281953125000000000e+02  3.101677856445312500e+02  9.820700000000000000e+04  4.485015625000000000e+03  2.937288330078125000e+03  2.078076171875000000e+04
5.200000000000000000e+01  -4.031256103515625000e+01  2.369063262939453125e+02  3.008354187011718750e+02  9.684900000000000000e+04  4.124892578125000000e+03  2.682831054687500000e+03  1.915583984375000000e+04
5.100000000000000000e+01  -3.653641128540039062e+01  2.388351440429687500e+02  2.972086181640625000e+02  7.948700000000000000e+04  3.946082519531250000e+03  2.557838623046875000e+03  1.834343750000000000e+04
5.000000000000000000e+01  -3.750645065307617188e+01  2.322020111083984375e+02  2.937625122070312500e+02  8.405700000000000000e+04  3.760711425781250000e+03  2.433870361328125000e+03  1.748132812500000000e+04
4.900000000000000000e+01  -3.789959716796875000e+01  2.309856262207031250e+02  2.929765930175781250e+02  7.862600000000000000e+04  3.724566650390625000e+03  2.409517578125000000e+03  1.731411914062500000e+04
4.800000000000000000e+01  -3.876686859130859375e+01  2.282425537109375000e+02  2.888352355957031250e+02  1.125770000000000000e+05  3.583429443359375000e+03  2.313797363281250000e+03  1.666273828125000000e+04
4.700000000000000000e+01  -3.835080337524414062e+01  2.233886718750000000e+02  2.821095275878906250e+02  1.503040000000000000e+05  3.413866210937500000e+03  2.199523681640625000e+03  1.588358105468750000e+04
4.600000000000000000e+01  -3.744565200805664062e+01  2.202872924804687500e+02  2.748294372558593750e+02  1.340040000000000000e+05  3.252325439453125000e+03  2.089738281250000000e+03  1.514185742187500000e+04
4.500000000000000000e+01  -3.688204956054687500e+01  2.187557220458984375e+02  2.712371215820312500e+02  1.271190000000000000e+05  3.174063720703125000e+03  2.037015747070312500e+03  1.478383105468750000e+04
4.400000000000000000e+01  -3.580948638916015625e+01  2.162338104248046875e+02  2.676001281738281250e+02  1.221470000000000000e+05  3.113584228515625000e+03  1.996767211914062500e+03  1.450344921875000000e+04
4.300000000000000000e+01  -3.377584457397460938e+01  2.099430541992187500e+02  2.593547363281250000e+02  1.253480000000000000e+05  2.966420166015625000e+03  1.898804077148437500e+03  1.382598730468750000e+04
4.200000000000000000e+01  -3.213761520385742188e+01  2.038732299804687500e+02  2.505118560791015625e+02  1.053550000000000000e+05  2.826400390625000000e+03  1.805220336914062500e+03  1.318029394531250000e+04
4.100000000000000000e+01  -3.118941116333007812e+01  2.022856750488281250e+02  2.464503479003906250e+02  9.713400000000000000e+04  2.772297607421875000e+03  1.768775146484375000e+03  1.293090722656250000e+04
4.000000000000000000e+01  -3.101280212402343750e+01  1.988521881103515625e+02  2.413682861328125000e+02  9.110500000000000000e+04  2.693083251953125000e+03  1.716064208984375000e+03  1.256534472656250000e+04
3.900000000000000000e+01  -2.929259490966796875e+01  1.933168945312500000e+02  2.328650207519531250e+02  7.966100000000000000e+04  2.578228759765625000e+03  1.640266357421875000e+03  1.203679394531250000e+04
3.800000000000000000e+01  -2.911237525939941406e+01  1.871644439697265625e+02  2.248815917968750000e+02  7.123100000000000000e+04  2.456870117187500000e+03  1.559651367187500000e+03  1.147501464843750000e+04
3.700000000000000000e+01  -2.928110313415527344e+01  1.816577453613281250e+02  2.159226226806640625e+02  5.550700000000000000e+04  2.341391601562500000e+03  1.483215209960937500e+03  1.093997363281250000e+04
3.600000000000000000e+01  -2.861421966552734375e+01  1.767778320312500000e+02  2.084731292724609375e+02  4.990800000000000000e+04  2.231417724609375000e+03  1.410009399414062500e+03  1.042994335937500000e+04
3.500000000000000000e+01  -2.869629096984863281e+01  1.754690093994140625e+02  2.070613098144531250e+02  5.069200000000000000e+04  2.209994384765625000e+03  1.396017211914062500e+03  1.033082324218750000e+04
3.400000000000000000e+01  -2.755244636535644531e+01  1.712106018066406250e+02  2.010168151855468750e+02  4.069300000000000000e+04  2.126361083984375000e+03  1.341116943359375000e+03  9.943947265625000000e+03
3.300000000000000000e+01  -2.699333381652832031e+01  1.664019317626953125e+02  1.940814666748046875e+02  3.285100000000000000e+04  2.036344726562500000e+03  1.282147094726562500e+03  9.526187500000000000e+03
3.200000000000000000e+01  -2.663267517089843750e+01  1.648450012207031250e+02  1.918358001708984375e+02  3.226900000000000000e+04  2.007341796875000000e+03  1.263114746093750000e+03  9.390779296875000000e+03
3.100000000000000000e+01  -2.568050956726074219e+01  1.604522552490234375e+02  1.882372436523437500e+02  2.633100000000000000e+04  1.940696899414062500e+03  1.219804809570312500e+03  9.082820312500000000e+03
3.000000000000000000e+01  -2.575718688964843750e+01  1.545139007568359375e+02  1.814272308349609375e+02  2.227800000000000000e+04  1.850121093750000000e+03  1.160573364257812500e+03  8.659666015625000000e+03
