1.120000000000000000e+02  2.558802032470703125e+01  -3.430247879028320312e+01  -1.733914184570312500e+01  3.370780000000000000e+05  5.666435156250000000e+04  5.198053125000000000e+04  3.411955859375000000e+04
1.110000000000000000e+02  4.010046005249023438e+01  -5.057738113403320312e+01  -2.265608024597167969e+01  3.351070000000000000e+05  5.585483984375000000e+04  5.124230859375000000e+04  3.364892968750000000e+04
1.100000000000000000e+02  4.234001922607421875e+01  -5.598848724365234375e+01  -2.727246856689453125e+01  3.332390000000000000e+05  5.532444140625000000e+04  5.075447265625000000e+04  3.334170312500000000e+04
1.090000000000000000e+02  3.724374389648437500e+01  -4.873768615722656250e+01  -2.472664642333984375e+01  3.304760000000000000e+05  5.454205859375000000e+04  5.002439453125000000e+04  3.288097265625000000e+04
1.080000000000000000e+02  2.732450675964355469e+01  -1.897733497619628906e+01  -1.330355548858642578e+01  3.291470000000000000e+05  5.377262109375000000e+04  4.929435937500000000e+04  3.242416992187500000e+04
1.070000000000000000e+02  -1.136715888977050781e+01  2.843938827514648438e+01  1.440139675140380859e+01  3.263610000000000000e+05  5.302816406250000000e+04  4.856864843750000000e+04  3.196268359375000000e+04
1.060000000000000000e+02  -6.071810150146484375e+01  4.853287506103515625e+01  3.885750579833984375e+01  3.331000000000000000e+05  5.229619531250000000e+04  4.786571875000000000e+04  3.150680664062500000e+04
1.050000000000000000e+02  -1.001622314453125000e+02  5.632511520385742188e+01  5.985160827636718750e+01  3.302430000000000000e+05  5.157018359375000000e+04  4.717816015625000000e+04  3.105689062500000000e+04
1.040000000000000000e+02  -1.385299682617187500e+02  5.895274734497070312e+01  7.188423156738281250e+01  3.269480000000000000e+05  5.085910546875000000e+04  4.650290234375000000e+04  3.061984960937500000e+04
1.030000000000000000e+02  -1.796292877197265625e+02  6.173822021484375000e+01  7.483230590820312500e+01  3.226610000000000000e+05  5.016280078125000000e+04  4.583700781250000000e+04  3.019635937500000000e+04
1.020000000000000000e+02  -2.083168792724609375e+02  6.061563491821289062e+01  6.776721954345703125e+01  3.205900000000000000e+05  4.946489453125000000e+04  4.518340625000000000e+04  2.978785546875000000e+04
1.010000000000000000e+02  -2.318542938232421875e+02  5.931539916992187500e+01  6.314214324951171875e+01  3.180390000000000000e+05  4.877576562500000000e+04  4.453848437500000000e+04  2.938235156250000000e+04
1.000000000000000000e+02  -2.597125244140625000e+02  5.935300827026367188e+01  5.783731842041015625e+01  3.145660000000000000e+05  4.787005859375000000e+04  4.369129687500000000e+04  2.884810156250000000e+04
9.900000000000000000e+01  -2.777206115722656250e+02  5.510676956176757812e+01  5.373916625976562500e+01  3.105340000000000000e+05  4.720115625000000000e+04  4.307037109375000000e+04  2.845432812500000000e+04
9.800000000000000000e+01  -2.959100036621093750e+02  5.190941238403320312e+01  5.403451919555664062e+01  3.078120000000000000e+05  4.654320703125000000e+04  4.245666796875000000e+04  2.806207812500000000e+04
9.700000000000000000e+01  -3.111500854492187500e+02  4.938874053955078125e+01  5.107563018798828125e+01  3.078490000000000000e+05  4.589253906250000000e+04  4.185144140625000000e+04  2.767745117187500000e+04
9.600000000000000000e+01  -3.326356506347656250e+02  4.568066787719726562e+01  4.766361999511718750e+01  3.379100000000000000e+05  4.504088281250000000e+04  4.105805859375000000e+04  2.717322851562500000e+04
9.500000000000000000e+01  -3.456357116699218750e+02  4.373358917236328125e+01  4.337621688842773438e+01  3.359590000000000000e+05  4.441178906250000000e+04  4.047190625000000000e+04  2.680230664062500000e+04
9.400000000000000000e+01  -3.643239440917968750e+02  4.254102325439453125e+01  3.877656936645507812e+01  3.339190000000000000e+05  4.358880468750000000e+04  3.970305468750000000e+04  2.631494531250000000e+04
9.300000000000000000e+01  -3.779051818847656250e+02  4.251531982421875000e+01  3.709434890747070312e+01  3.311210000000000000e+05  4.298183984375000000e+04  3.913611718750000000e+04  2.595376562500000000e+04
9.200000000000000000e+01  -3.934090576171875000e+02  3.848896789550781250e+01  3.495420455932617188e+01  3.268940000000000000e+05  4.218400000000000000e+04  3.839558593750000000e+04  2.547947851562500000e+04
9.100000000000000000e+01  -4.050000915527343750e+02  3.952784729003906250e+01  3.312465286254882812e+01  3.240460000000000000e+05  4.159636718750000000e+04  3.784585546875000000e+04  2.512928710937500000e+04
9.000000000000000000e+01  -4.189261779785156250e+02  3.714944076538085938e+01  2.867123985290527344e+01  3.414230000000000000e+05  4.082530468750000000e+04  3.712915234375000000e+04  2.467088671875000000e+04
8.900000000000000000e+01  -4.327765197753906250e+02  3.788691329956054688e+01  2.615678977966308594e+01  3.378000000000000000e+05  4.006893359375000000e+04  3.642262109375000000e+04  2.421862109375000000e+04
8.800000000000000000e+01  -4.448182678222656250e+02  3.877130508422851562e+01  2.499778175354003906e+01  3.456490000000000000e+05  3.932523046875000000e+04  3.573127343750000000e+04  2.377441406250000000e+04
8.700000000000000000e+01  -4.545556335449218750e+02  3.646321868896484375e+01  2.351419639587402344e+01  3.430020000000000000e+05  3.877637890625000000e+04  3.522437890625000000e+04  2.344682226562500000e+04
8.600000000000000000e+01  -4.667777709960937500e+02  3.484078598022460938e+01  2.525831413269042969e+01  3.382460000000000000e+05  3.805709765625000000e+04  3.455711718750000000e+04  2.301538867187500000e+04
8.500000000000000000e+01  -4.694781188964843750e+02  3.530934143066406250e+01  2.529715728759765625e+01  3.378870000000000000e+05  3.787921093750000000e+04  3.439133984375000000e+04  2.290882421875000000e+04
8.400000000000000000e+01  -4.783670043945312500e+02  3.244413757324218750e+01  2.394329261779785156e+01  3.337610000000000000e+05  3.717569921875000000e+04  3.374054687500000000e+04  2.248867578125000000e+04
8.300000000000000000e+01  -4.849566040039062500e+02  2.716953086853027344e+01  2.214110755920410156e+01  3.293850000000000000e+05  3.648306250000000000e+04  3.310299609375000000e+04  2.207613281250000000e+04
8.200000000000000000e+01  -4.929879760742187500e+02  2.547308921813964844e+01  2.064275550842285156e+01  3.236510000000000000e+05  3.580423046875000000e+04  3.247539843750000000e+04  2.167121679687500000e+04
8.100000000000000000e+01  -4.975346679687500000e+02  2.047072410583496094e+01  1.831523323059082031e+01  3.203620000000000000e+05  3.513745703125000000e+04  3.186395507812500000e+04  2.127521093750000000e+04
8.000000000000000000e+01  -5.022933349609375000e+02  1.633435440063476562e+01  1.953458023071289062e+01  3.140470000000000000e+05  3.432310156250000000e+04  3.111234960937500000e+04  2.078619335937500000e+04
7.900000000000000000e+01  -5.040943298339843750e+02  1.514434814453125000e+01  1.366372108459472656e+01  3.094560000000000000e+05  3.368303906250000000e+04  3.052301562500000000e+04  2.040874414062500000e+04
7.800000000000000000e+01  -5.118789367675781250e+02  9.384314537048339844e+00  1.587308406829833984e+01  3.061570000000000000e+05  3.290448046875000000e+04  2.980538085937500000e+04  1.993971875000000000e+04
7.700000000000000000e+01  -5.157755126953125000e+02  7.319436550140380859e+00  1.149457550048828125e+01  3.013050000000000000e+05  3.214118164062500000e+04  2.910155468750000000e+04  1.948548242187500000e+04
7.600000000000000000e+01  -5.191312866210937500e+02  5.088733673095703125e+00  9.715481758117675781e+00  2.952820000000000000e+05  3.139480859375000000e+04  2.841497070312500000e+04  1.904183203125000000e+04
7.500000000000000000e+01  -5.208054809570312500e+02  3.818064212799072266e+00  8.469997406005859375e+00  2.901120000000000000e+05  3.066587109375000000e+04  2.774203125000000000e+04  1.860615625000000000e+04
7.400000000000000000e+01  -5.238840942382812500e+02  2.904536247253417969e+00  8.708127975463867188e+00  2.820110000000000000e+05  2.995632421875000000e+04  2.708774414062500000e+04  1.817804296875000000e+04
7.300000000000000000e+01  -5.256218261718750000e+02  6.818094253540039062e-01  8.859261512756347656e+00  2.829350000000000000e+05  2.912438476562500000e+04  2.632026367187500000e+04  1.767846289062500000e+04
7.200000000000000000e+01  -5.231903076171875000e+02  -5.180987715721130371e-01  8.370728492736816406e+00  2.774060000000000000e+05  2.844810937500000000e+04  2.569683398437500000e+04  1.727286523437500000e+04
7.100000000000000000e+01  -5.226159057617187500e+02  -5.850796699523925781e+00  8.074423789978027344e+00  2.737210000000000000e+05  2.765630273437500000e+04  2.497328515625000000e+04  1.679788085937500000e+04
7.000000000000000000e+01  -5.234390258789062500e+02  -7.733160018920898438e+00  6.900675773620605469e+00  2.560950000000000000e+05  2.688691992187500000e+04  2.426826562500000000e+04  1.633559960937500000e+04
6.900000000000000000e+01  -5.176040649414062500e+02  -1.326356983184814453e+01  5.132898330688476562e+00  2.467490000000000000e+05  2.613571875000000000e+04  2.358578906250000000e+04  1.588683300781250000e+04
6.800000000000000000e+01  -5.153757324218750000e+02  -1.394186210632324219e+01  4.286249160766601562e+00  2.336760000000000000e+05  2.528935156250000000e+04  2.281136914062500000e+04  1.537630957031250000e+04
6.700000000000000000e+01  -5.092554016113281250e+02  -1.474550437927246094e+01  2.257329702377319336e+00  2.363440000000000000e+05  2.446702148437500000e+04  2.206126757812500000e+04  1.488484179687500000e+04
6.600000000000000000e+01  -5.048356933593750000e+02  -1.780016899108886719e+01  6.737115979194641113e-01  2.202460000000000000e+05  2.367309179687500000e+04  2.133825781250000000e+04  1.440854980468750000e+04
6.500000000000000000e+01  -5.014600524902343750e+02  -1.979617118835449219e+01  1.189677834510803223e+00  2.076520000000000000e+05  2.290648242187500000e+04  2.063716015625000000e+04  1.394587500000000000e+04
6.400000000000000000e+01  -4.971183166503906250e+02  -1.715567588806152344e+01  -3.383127227425575256e-02  1.938670000000000000e+05  2.206095117187500000e+04  1.986231640625000000e+04  1.343559179687500000e+04
6.300000000000000000e+01  -4.911547546386718750e+02  -1.567203330993652344e+01  -5.017718672752380371e-01  1.778960000000000000e+05  2.124498437500000000e+04  1.911473828125000000e+04  1.294309277343750000e+04
6.200000000000000000e+01  -4.816658630371093750e+02  -1.682981300354003906e+01  5.653288841247558594e+00  1.699590000000000000e+05  2.036457617187500000e+04  1.830802734375000000e+04  1.240716406250000000e+04
6.100000000000000000e+01  -4.591772766113281250e+02  -1.609846496582031250e+01  -2.008213400840759277e-01  1.558300000000000000e+05  1.951137500000000000e+04  1.753962304687500000e+04  1.190415625000000000e+04
6.000000000000000000e+01  -4.469957580566406250e+02  -1.899064064025878906e+01  -5.749936103820800781e+00  1.475570000000000000e+05  1.896267187500000000e+04  1.704926757812500000e+04  1.158142578125000000e+04
5.900000000000000000e+01  -4.401320800781250000e+02  -1.986880874633789062e+01  -8.051031112670898438e+00  1.418920000000000000e+05  1.860773437500000000e+04  1.672945117187500000e+04  1.136950878906250000e+04
5.800000000000000000e+01  -4.277616882324218750e+02  -2.479986381530761719e+01  -1.561084270477294922e+01  1.290300000000000000e+05  1.774928710937500000e+04  1.595529687500000000e+04  1.085610253906250000e+04
5.700000000000000000e+01  -4.202501220703125000e+02  -2.928952026367187500e+01  -2.283201217651367188e+01  1.185530000000000000e+05  1.693053710937500000e+04  1.521612109375000000e+04  1.036373144531250000e+04
5.600000000000000000e+01  -4.094792785644531250e+02  -3.293273925781250000e+01  -2.427181053161621094e+01  1.093190000000000000e+05  1.615102441406250000e+04  1.451181933593750000e+04  9.892695312500000000e+03
5.400000000000000000e+01  -3.985867614746093750e+02  -3.821310424804687500e+01  -2.723912239074707031e+01  1.527730000000000000e+05  1.519168066406250000e+04  1.364710156250000000e+04  9.312693359375000000e+03
5.200000000000000000e+01  -3.830081787109375000e+02  -3.987402725219726562e+01  -2.995024299621582031e+01  1.223780000000000000e+05  1.402109277343750000e+04  1.258955957031250000e+04  8.601596679687500000e+03
5.100000000000000000e+01  -3.750053100585937500e+02  -4.095882797241210938e+01  -3.185294723510742188e+01  1.180030000000000000e+05  1.343887500000000000e+04  1.206287402343750000e+04  8.247091796875000000e+03
5.000000000000000000e+01  -3.587536621093750000e+02  -3.967311859130859375e+01  -3.105035591125488281e+01  1.046620000000000000e+05  1.281947070312500000e+04  1.150342480468750000e+04  7.869180664062500000e+03
4.900000000000000000e+01  -3.551797180175781250e+02  -3.889117431640625000e+01  -3.075961875915527344e+01  1.012960000000000000e+05  1.269894042968750000e+04  1.139449316406250000e+04  7.795945800781250000e+03
4.800000000000000000e+01  -3.440197143554687500e+02  -3.742728424072265625e+01  -2.878124046325683594e+01  9.363000000000000000e+04  1.222750781250000000e+04  1.096956152343750000e+04  7.508192871093750000e+03
4.700000000000000000e+01  -3.289125061035156250e+02  -3.383760833740234375e+01  -2.802451896667480469e+01  8.324000000000000000e+04  1.166208203125000000e+04  1.045957812500000000e+04  7.164180664062500000e+03
4.600000000000000000e+01  -3.171287231445312500e+02  -3.254988098144531250e+01  -2.824733734130859375e+01  8.024400000000000000e+04  1.112391699218750000e+04  9.973324218750000000e+03  6.835641601562500000e+03
4.500000000000000000e+01  -3.117099304199218750e+02  -3.286943054199218750e+01  -2.915756225585937500e+01  7.253900000000000000e+04  1.086433984375000000e+04  9.738932617187500000e+03  6.677208984375000000e+03
4.400000000000000000e+01  -3.073793334960937500e+02  -3.275030899047851562e+01  -3.039646911621093750e+01  7.843900000000000000e+04  1.066094628906250000e+04  9.555232421875000000e+03  6.553869628906250000e+03
4.300000000000000000e+01  -2.968271789550781250e+02  -3.141020774841308594e+01  -3.015406608581542969e+01  7.386200000000000000e+04  1.016881445312500000e+04  9.110561523437500000e+03  6.252836425781250000e+03
4.200000000000000000e+01  -2.838626708984375000e+02  -3.063126945495605469e+01  -2.887451362609863281e+01  6.008400000000000000e+04  9.697593750000000000e+03  8.686775390625000000e+03  5.965463378906250000e+03
4.100000000000000000e+01  -2.781332702636718750e+02  -3.006448936462402344e+01  -2.850498390197753906e+01  5.470300000000000000e+04  9.515416015625000000e+03  8.523012695312500000e+03  5.854353027343750000e+03
4.000000000000000000e+01  -2.715068359375000000e+02  -2.964943695068359375e+01  -2.796994781494140625e+01  5.756400000000000000e+04  9.249608398437500000e+03  8.283467773437500000e+03  5.691149414062500000e+03
3.900000000000000000e+01  -2.618506469726562500e+02  -2.859442329406738281e+01  -2.694049835205078125e+01  5.112500000000000000e+04  8.864029296875000000e+03  7.936679199218750000e+03  5.455038574218750000e+03
3.800000000000000000e+01  -2.526002197265625000e+02  -2.764412879943847656e+01  -2.526821136474609375e+01  4.529200000000000000e+04  8.455024414062500000e+03  7.568284667968750000e+03  5.203903808593750000e+03
3.700000000000000000e+01  -2.426321258544921875e+02  -2.563259887695312500e+01  -2.401547813415527344e+01  3.937200000000000000e+04  8.064564453125000000e+03  7.216622558593750000e+03  4.964998535156250000e+03
3.600000000000000000e+01  -2.333742828369140625e+02  -2.498796844482421875e+01  -2.205403709411621094e+01  3.433900000000000000e+04  7.692524902343750000e+03  6.881472167968750000e+03  4.736621093750000000e+03
3.500000000000000000e+01  -2.305633087158203125e+02  -2.521670150756835938e+01  -2.218395042419433594e+01  3.411300000000000000e+04  7.620265625000000000e+03  6.816303710937500000e+03  4.692455566406250000e+03
3.400000000000000000e+01  -2.244504241943359375e+02  -2.338981056213378906e+01  -2.148414421081542969e+01  4.111000000000000000e+04  7.337863281250000000e+03  6.561597167968750000e+03  4.519166992187500000e+03
3.300000000000000000e+01  -2.157071533203125000e+02  -2.368005561828613281e+01  -2.111592864990234375e+01  3.606100000000000000e+04  7.032335937500000000e+03  6.286735351562500000e+03  4.331814941406250000e+03
3.200000000000000000e+01  -2.133475036621093750e+02  -2.386253738403320312e+01  -2.087896347045898438e+01  3.191500000000000000e+04  6.933607421875000000e+03  6.197681152343750000e+03  4.271129394531250000e+03
3.100000000000000000e+01  -2.070168457031250000e+02  -2.350671386718750000e+01  -2.075996780395507812e+01  4.223300000000000000e+04  6.707982910156250000e+03  5.994750000000000000e+03  4.133132324218750000e+03
3.000000000000000000e+01  -1.991127166748046875e+02  -2.337937545776367188e+01  -1.994935226440429688e+01  3.050400000000000000e+04  6.398530761718750000e+03  5.716109375000000000e+03  3.943006347656250000e+03
2.900000000000000000e+01  -1.903084564208984375e+02  -2.303997611999511719e+01  -1.893964958190917969e+01  2.824800000000000000e+04  6.102579101562500000e+03  5.450914062500000000e+03  3.761719726562500000e+03
2.800000000000000000e+01  -1.832986145019531250e+02  -2.276214599609375000e+01  -1.815245056152343750e+01  1.618600000000000000e+04  5.847974609375000000e+03  5.222581542968750000e+03  3.605614990234375000e+03
2.700000000000000000e+01  -1.761825408935546875e+02  -2.236461257934570312e+01  -1.725863647460937500e+01  1.980800000000000000e+04  5.578227050781250000e+03  4.980100097656250000e+03  3.439719726562500000e+03
2.600000000000000000e+01  -1.690434417724609375e+02  -2.211952590942382812e+01  -1.611577606201171875e+01  1.744100000000000000e+04  5.320892578125000000e+03  4.749331542968750000e+03  3.281207763671875000e+03
