1.090000000000000000e+02  2.814186096191406250e+01  4.169216918945312500e+01  3.488987731933593750e+01  3.076060000000000000e+05  7.452638281250000000e+04  1.483868066406250000e+04  3.161391601562500000e+04
1.080000000000000000e+02  4.907630538940429688e+01  5.508995819091796875e+01  4.267125701904296875e+01  3.056270000000000000e+05  7.350314843750000000e+04  1.463589843750000000e+04  3.124311523437500000e+04
1.070000000000000000e+02  6.280267333984375000e+01  6.254965591430664062e+01  4.630290222167968750e+01  3.016660000000000000e+05  7.249505468750000000e+04  1.443491113281250000e+04  3.087483984375000000e+04
1.060000000000000000e+02  7.257972717285156250e+01  6.517247009277343750e+01  4.465348052978515625e+01  2.983130000000000000e+05  7.149928125000000000e+04  1.423578222656250000e+04  3.050953906250000000e+04
1.050000000000000000e+02  7.770055389404296875e+01  6.535498809814453125e+01  3.792165374755859375e+01  2.947660000000000000e+05  7.051651562500000000e+04  1.403582910156250000e+04  3.014991015625000000e+04
1.040000000000000000e+02  7.379578399658203125e+01  5.012425231933593750e+01  2.415737152099609375e+01  2.911650000000000000e+05  6.954678906250000000e+04  1.384842773437500000e+04  2.979928906250000000e+04
1.030000000000000000e+02  4.337623214721679688e+01  1.084128952026367188e+01  -1.873484015464782715e+00  2.869830000000000000e+05  6.860570312500000000e+04  1.368289160156250000e+04  2.946114257812500000e+04
1.020000000000000000e+02  -6.740327358245849609e+00  -2.709687995910644531e+01  -2.728704452514648438e+01  2.845830000000000000e+05  6.768250000000000000e+04  1.351524121093750000e+04  2.912513085937500000e+04
1.010000000000000000e+02  -6.904282379150390625e+01  -4.845143508911132812e+01  -2.636200141906738281e+01  2.816690000000000000e+05  6.676946093750000000e+04  1.333559667968750000e+04  2.878265625000000000e+04
1.000000000000000000e+02  -1.296767120361328125e+02  -6.295474624633789062e+01  8.101273536682128906e+00  2.779290000000000000e+05  6.555885937500000000e+04  1.308963574218750000e+04  2.832302148437500000e+04
9.900000000000000000e+01  -1.562816314697265625e+02  -6.422528076171875000e+01  3.953553390502929688e+01  2.751750000000000000e+05  6.465435937500000000e+04  1.290589355468750000e+04  2.797894726562500000e+04
9.800000000000000000e+01  -1.703233795166015625e+02  -5.992732620239257812e+01  6.631975555419921875e+01  2.731630000000000000e+05  6.375295703125000000e+04  1.272085937500000000e+04  2.764272070312500000e+04
9.700000000000000000e+01  -1.719277343750000000e+02  -6.409925842285156250e+01  8.563998413085937500e+01  2.735250000000000000e+05  6.285721484375000000e+04  1.254932226562500000e+04  2.731550781250000000e+04
9.600000000000000000e+01  -1.775650177001953125e+02  -7.645528411865234375e+01  1.069783096313476562e+02  2.717640000000000000e+05  6.168567968750000000e+04  1.233185644531250000e+04  2.688478906250000000e+04
9.500000000000000000e+01  -1.818860473632812500e+02  -8.957389831542968750e+01  1.208189392089843750e+02  2.700020000000000000e+05  6.082398046875000000e+04  1.217630957031250000e+04  2.656568359375000000e+04
9.400000000000000000e+01  -1.903009338378906250e+02  -1.023927536010742188e+02  1.375185546875000000e+02  2.692030000000000000e+05  5.969430859375000000e+04  1.197012597656250000e+04  2.614608593750000000e+04
9.300000000000000000e+01  -1.960137481689453125e+02  -1.127408981323242188e+02  1.502417449951171875e+02  2.663840000000000000e+05  5.886146875000000000e+04  1.181978125000000000e+04  2.583539257812500000e+04
9.200000000000000000e+01  -2.059085388183593750e+02  -1.263229064941406250e+02  1.652959289550781250e+02  2.605260000000000000e+05  5.777197656250000000e+04  1.162098437500000000e+04  2.542569335937500000e+04
9.100000000000000000e+01  -2.111755981445312500e+02  -1.361003265380859375e+02  1.744713745117187500e+02  2.589420000000000000e+05  5.696697265625000000e+04  1.147472558593750000e+04  2.512384375000000000e+04
9.000000000000000000e+01  -2.191565246582031250e+02  -1.481527252197265625e+02  1.881402130126953125e+02  2.713610000000000000e+05  5.591405468750000000e+04  1.128316308593750000e+04  2.472364843750000000e+04
8.900000000000000000e+01  -2.220754089355468750e+02  -1.549528808593750000e+02  1.963817596435546875e+02  2.675240000000000000e+05  5.487714062500000000e+04  1.109120410156250000e+04  2.433173437500000000e+04
8.800000000000000000e+01  -2.239254302978515625e+02  -1.597963867187500000e+02  2.066230468750000000e+02  2.635170000000000000e+05  5.386064062500000000e+04  1.090129882812500000e+04  2.394227148437500000e+04
8.700000000000000000e+01  -2.254188232421875000e+02  -1.617297973632812500e+02  2.081828460693359375e+02  3.157440000000000000e+05  5.310990625000000000e+04  1.075913378906250000e+04  2.365924804687500000e+04
8.600000000000000000e+01  -2.313861389160156250e+02  -1.658580017089843750e+02  2.154102325439453125e+02  3.138700000000000000e+05  5.212855468750000000e+04  1.057529980468750000e+04  2.328116992187500000e+04
8.500000000000000000e+01  -2.322137908935546875e+02  -1.671769561767578125e+02  2.177928009033203125e+02  2.748510000000000000e+05  5.188532031250000000e+04  1.053021777343750000e+04  2.318711914062500000e+04
8.400000000000000000e+01  -2.369332427978515625e+02  -1.711481323242187500e+02  2.247033081054687500e+02  3.110160000000000000e+05  5.092703515625000000e+04  1.035171289062500000e+04  2.281609375000000000e+04
8.300000000000000000e+01  -2.361753845214843750e+02  -1.701920471191406250e+02  2.260061950683593750e+02  3.066380000000000000e+05  4.998103515625000000e+04  1.017402539062500000e+04  2.245232812500000000e+04
8.200000000000000000e+01  -2.409104309082031250e+02  -1.677376403808593750e+02  2.255730438232421875e+02  3.035910000000000000e+05  4.905685937500000000e+04  9.997597656250000000e+03  2.209370703125000000e+04
8.100000000000000000e+01  -2.436502838134765625e+02  -1.669455871582031250e+02  2.211605682373046875e+02  2.989870000000000000e+05  4.814827734375000000e+04  9.824472656250000000e+03  2.174277343750000000e+04
8.000000000000000000e+01  -2.469291687011718750e+02  -1.635076446533203125e+02  2.192123107910156250e+02  2.919870000000000000e+05  4.703386718750000000e+04  9.611871093750000000e+03  2.130741015625000000e+04
7.900000000000000000e+01  -2.588481750488281250e+02  -1.640028991699218750e+02  2.169291534423828125e+02  2.921220000000000000e+05  4.616443750000000000e+04  9.445928710937500000e+03  2.096308007812500000e+04
7.800000000000000000e+01  -2.580180358886718750e+02  -1.573288574218750000e+02  2.201289367675781250e+02  2.993260000000000000e+05  4.508825390625000000e+04  9.238226562500000000e+03  2.053789843750000000e+04
7.700000000000000000e+01  -2.773431091308593750e+02  -1.635017395019531250e+02  2.304963531494140625e+02  3.022250000000000000e+05  4.405338281250000000e+04  9.042389648437500000e+03  2.011794531250000000e+04
7.600000000000000000e+01  -2.920712585449218750e+02  -1.667899169921875000e+02  2.420159454345703125e+02  2.962750000000000000e+05  4.304108593750000000e+04  8.849476562500000000e+03  1.970396484375000000e+04
7.500000000000000000e+01  -3.032903137207031250e+02  -1.690273437500000000e+02  2.479070587158203125e+02  2.908110000000000000e+05  4.204903906250000000e+04  8.661149414062500000e+03  1.929876367187500000e+04
7.400000000000000000e+01  -3.115197448730468750e+02  -1.628650207519531250e+02  2.491763305664062500e+02  2.845730000000000000e+05  4.108384375000000000e+04  8.475088867187500000e+03  1.890309570312500000e+04
7.300000000000000000e+01  -3.132189941406250000e+02  -1.533570556640625000e+02  2.558340759277343750e+02  2.784680000000000000e+05  3.994595312500000000e+04  8.252712890625000000e+03  1.843371679687500000e+04
7.200000000000000000e+01  -3.110298767089843750e+02  -1.451685791015625000e+02  2.602832641601562500e+02  2.627780000000000000e+05  3.901971093750000000e+04  8.072510742187500000e+03  1.805387695312500000e+04
7.100000000000000000e+01  -3.130874023437500000e+02  -1.361432647705078125e+02  2.658866577148437500e+02  2.549230000000000000e+05  3.794200000000000000e+04  7.861052734375000000e+03  1.760683203125000000e+04
7.000000000000000000e+01  -3.116341552734375000e+02  -1.254933242797851562e+02  2.719913940429687500e+02  2.539120000000000000e+05  3.688961328125000000e+04  7.652413085937500000e+03  1.716709179687500000e+04
6.900000000000000000e+01  -3.105991210937500000e+02  -1.168104629516601562e+02  2.756747741699218750e+02  2.751140000000000000e+05  3.586851562500000000e+04  7.450519531250000000e+03  1.673967773437500000e+04
6.800000000000000000e+01  -3.113343505859375000e+02  -1.090817184448242188e+02  2.826983642578125000e+02  2.646510000000000000e+05  3.471500781250000000e+04  7.223706542968750000e+03  1.624827050781250000e+04
6.700000000000000000e+01  -3.073329772949218750e+02  -1.022244110107421875e+02  2.821689147949218750e+02  2.505010000000000000e+05  3.359534375000000000e+04  7.002811035156250000e+03  1.577167285156250000e+04
6.600000000000000000e+01  -3.005912475585937500e+02  -9.407962799072265625e+01  2.904017028808593750e+02  2.365520000000000000e+05  3.250855859375000000e+04  6.788048828125000000e+03  1.530301171875000000e+04
6.500000000000000000e+01  -2.926774597167968750e+02  -8.857828521728515625e+01  2.929050292968750000e+02  2.271680000000000000e+05  3.145509375000000000e+04  6.578206054687500000e+03  1.485164355468750000e+04
6.400000000000000000e+01  -2.881586608886718750e+02  -6.932591247558593750e+01  2.857002563476562500e+02  2.140870000000000000e+05  3.029555664062500000e+04  6.340943847656250000e+03  1.435966601562500000e+04
6.300000000000000000e+01  -2.903979187011718750e+02  -5.225213241577148438e+01  2.823928527832031250e+02  2.004270000000000000e+05  2.918461132812500000e+04  6.112906250000000000e+03  1.388195800781250000e+04
6.200000000000000000e+01  -2.957814025878906250e+02  -4.329072952270507812e+01  2.733347167968750000e+02  2.091320000000000000e+05  2.798779296875000000e+04  5.871934082031250000e+03  1.336664648437500000e+04
6.100000000000000000e+01  -2.988933715820312500e+02  -3.367745208740234375e+01  2.667120971679687500e+02  2.720430000000000000e+05  2.683854101562500000e+04  5.638695312500000000e+03  1.286469433593750000e+04
6.000000000000000000e+01  -2.974988098144531250e+02  -2.540541458129882812e+01  2.610140075683593750e+02  2.944330000000000000e+05  2.609758398437500000e+04  5.485862304687500000e+03  1.254020898437500000e+04
5.900000000000000000e+01  -2.963572692871093750e+02  -2.025696182250976562e+01  2.558603210449218750e+02  2.913580000000000000e+05  2.561378320312500000e+04  5.386602050781250000e+03  1.232842675781250000e+04
5.800000000000000000e+01  -2.926702575683593750e+02  -1.092435073852539062e+01  2.407982177734375000e+02  3.340260000000000000e+05  2.444377734375000000e+04  5.147996582031250000e+03  1.181287988281250000e+04
5.700000000000000000e+01  -2.849680175781250000e+02  -4.506293773651123047e+00  2.270104675292968750e+02  3.110820000000000000e+05  2.332446679687500000e+04  4.920053222656250000e+03  1.131608496093750000e+04
5.600000000000000000e+01  -2.769965209960937500e+02  -4.192007184028625488e-01  2.173197784423828125e+02  2.888620000000000000e+05  2.225694531250000000e+04  4.702146484375000000e+03  1.083655371093750000e+04
5.400000000000000000e+01  -2.668191833496093750e+02  4.636617183685302734e+00  2.056365661621093750e+02  3.565190000000000000e+05  2.094049218750000000e+04  4.432727539062500000e+03  1.024072363281250000e+04
5.200000000000000000e+01  -2.528397827148437500e+02  1.027645301818847656e+01  1.906157836914062500e+02  3.169540000000000000e+05  1.933263085937500000e+04  4.103584472656250000e+03  9.503367187500000000e+03
5.100000000000000000e+01  -2.469871978759765625e+02  1.078213119506835938e+01  1.856782531738281250e+02  3.042290000000000000e+05  1.853324609375000000e+04  3.940538085937500000e+03  9.131011718750000000e+03
5.000000000000000000e+01  -2.376818542480468750e+02  1.163676071166992188e+01  1.787331695556640625e+02  2.807710000000000000e+05  1.768167968750000000e+04  3.765622558593750000e+03  8.734552734375000000e+03
4.900000000000000000e+01  -2.355458068847656250e+02  1.112501716613769531e+01  1.774635314941406250e+02  2.768940000000000000e+05  1.751635546875000000e+04  3.731758544921875000e+03  8.657159179687500000e+03
4.800000000000000000e+01  -2.292609405517578125e+02  1.041285228729248047e+01  1.735320892333984375e+02  3.011060000000000000e+05  1.686960546875000000e+04  3.599135009765625000e+03  8.353202148437500000e+03
4.700000000000000000e+01  -2.185334625244140625e+02  1.052852630615234375e+01  1.661612548828125000e+02  2.800980000000000000e+05  1.609350000000000000e+04  3.438412597656250000e+03  7.988514648437500000e+03
4.600000000000000000e+01  -2.109437103271484375e+02  1.142698192596435547e+01  1.598407897949218750e+02  2.596130000000000000e+05  1.535420214843750000e+04  3.284894287109375000e+03  7.638628417968750000e+03
4.500000000000000000e+01  -2.070890502929687500e+02  1.146464920043945312e+01  1.574014434814453125e+02  1.957430000000000000e+05  1.499688671875000000e+04  3.210871337890625000e+03  7.469274414062500000e+03
4.400000000000000000e+01  -2.039213867187500000e+02  1.093340206146240234e+01  1.542243499755859375e+02  2.423620000000000000e+05  1.471726171875000000e+04  3.153199218750000000e+03  7.336247070312500000e+03
4.300000000000000000e+01  -1.953270721435546875e+02  1.056832885742187500e+01  1.475129547119140625e+02  2.779010000000000000e+05  1.404023242187500000e+04  3.012439208984375000e+03  7.013118652343750000e+03
4.200000000000000000e+01  -1.889639434814453125e+02  1.052623176574707031e+01  1.418345642089843750e+02  2.782320000000000000e+05  1.339480468750000000e+04  2.877907470703125000e+03  6.704265625000000000e+03
4.100000000000000000e+01  -1.861439361572265625e+02  9.991057395935058594e+00  1.391750946044921875e+02  2.203950000000000000e+05  1.314424511718750000e+04  2.826088378906250000e+03  6.584496093750000000e+03
4.000000000000000000e+01  -1.852518920898437500e+02  1.046750926971435547e+01  1.365911407470703125e+02  2.633780000000000000e+05  1.277871582031250000e+04  2.749818359375000000e+03  6.407748535156250000e+03
3.900000000000000000e+01  -1.795675964355468750e+02  1.099565792083740234e+01  1.312087249755859375e+02  1.090850000000000000e+05  1.224767187500000000e+04  2.638449218750000000e+03  6.151706542968750000e+03
3.800000000000000000e+01  -1.733982543945312500e+02  1.019431114196777344e+01  1.251047668457031250e+02  2.267780000000000000e+05  1.168377441406250000e+04  2.520487548828125000e+03  5.878571777343750000e+03
3.700000000000000000e+01  -1.659692077636718750e+02  1.016821956634521484e+01  1.187233276367187500e+02  3.464770000000000000e+05  1.114554785156250000e+04  2.406905761718750000e+03  5.617130859375000000e+03
3.600000000000000000e+01  -1.586719207763671875e+02  1.034813785552978516e+01  1.138296585083007812e+02  3.534080000000000000e+05  1.063126562500000000e+04  2.298093261718750000e+03  5.366450683593750000e+03
3.500000000000000000e+01  -1.572680664062500000e+02  1.032283210754394531e+01  1.124597091674804688e+02  3.194150000000000000e+05  1.053130859375000000e+04  2.277023193359375000e+03  5.317664550781250000e+03
3.400000000000000000e+01  -1.524255218505859375e+02  1.034657192230224609e+01  1.083650054931640625e+02  2.597080000000000000e+05  1.014154492187500000e+04  2.194300537109375000e+03  5.126519042968750000e+03
3.300000000000000000e+01  -1.474655151367187500e+02  9.961586952209472656e+00  1.040473022460937500e+02  1.622680000000000000e+05  9.720122070312500000e+03  2.105336669921875000e+03  4.919446289062500000e+03
3.200000000000000000e+01  -1.460119781494140625e+02  9.355521202087402344e+00  1.027377853393554688e+02  1.801100000000000000e+05  9.583857421875000000e+03  2.076777587890625000e+03  4.852062500000000000e+03
3.100000000000000000e+01  -1.407796173095703125e+02  1.030737400054931641e+01  9.884867095947265625e+01  2.680880000000000000e+05  9.271416992187500000e+03  2.009893676757812500e+03  4.699768554687500000e+03
3.000000000000000000e+01  -1.347336578369140625e+02  9.548133850097656250e+00  9.449465179443359375e+01  1.992100000000000000e+05  8.843777343750000000e+03  1.918896240234375000e+03  4.488410156250000000e+03
2.900000000000000000e+01  -1.291210174560546875e+02  9.539532661437988281e+00  9.060635375976562500e+01  1.693210000000000000e+05  8.435822265625000000e+03  1.832283813476562500e+03  4.286523437500000000e+03
2.800000000000000000e+01  -1.239601364135742188e+02  9.695354461669921875e+00  8.736891174316406250e+01  1.779430000000000000e+05  8.084400878906250000e+03  1.757093872070312500e+03  4.111814453125000000e+03
