1.100000000000000000e+02  -1.051670074462890625e+01  -5.233883857727050781e+00  -2.439862442016601562e+01  3.293400000000000000e+05  5.841523046875000000e+04  2.301986523437500000e+04  1.473875292968750000e+04
1.090000000000000000e+02  -2.821020698547363281e+01  -7.089738845825195312e+00  -1.668812370300292969e+01  3.239100000000000000e+05  5.756088671875000000e+04  2.270870117187500000e+04  1.451369433593750000e+04
1.080000000000000000e+02  -9.052680015563964844e+00  1.702331900596618652e+00  1.103344917297363281e+01  3.212360000000000000e+05  5.671368359375000000e+04  2.239767578125000000e+04  1.428862792968750000e+04
1.070000000000000000e+02  4.011915588378906250e+01  8.370042800903320312e+00  1.523664283752441406e+01  3.180410000000000000e+05  5.587218750000000000e+04  2.209234570312500000e+04  1.406762988281250000e+04
1.060000000000000000e+02  6.732115936279296875e+01  1.211010360717773438e+01  2.282563000917434692e-01  3.158770000000000000e+05  5.504790234375000000e+04  2.179252148437500000e+04  1.385405175781250000e+04
1.050000000000000000e+02  7.986544036865234375e+01  1.808822441101074219e+01  -1.624237060546875000e+01  3.124070000000000000e+05  5.423702734375000000e+04  2.149397265625000000e+04  1.364554003906250000e+04
1.040000000000000000e+02  7.843516540527343750e+01  1.542155075073242188e+01  -3.156578254699707031e+01  3.088420000000000000e+05  5.344173437500000000e+04  2.120681250000000000e+04  1.344075878906250000e+04
1.030000000000000000e+02  6.857505035400390625e+01  1.299625682830810547e+01  -4.446063613891601562e+01  3.054800000000000000e+05  5.265806640625000000e+04  2.092244335937500000e+04  1.324001367187500000e+04
1.020000000000000000e+02  4.478023147583007812e+01  9.961272239685058594e+00  -5.839645767211914062e+01  3.025350000000000000e+05  5.188957421875000000e+04  2.064211718750000000e+04  1.304700097656250000e+04
1.010000000000000000e+02  8.790922164916992188e+00  1.287062740325927734e+01  -5.104565429687500000e+01  2.999180000000000000e+05  5.113519140625000000e+04  2.035803710937500000e+04  1.284602246093750000e+04
1.000000000000000000e+02  -4.407289886474609375e+01  -5.203686237335205078e+00  -1.738728332519531250e+01  2.971130000000000000e+05  5.015275390625000000e+04  2.000236132812500000e+04  1.258248046875000000e+04
9.900000000000000000e+01  -6.369420623779296875e+01  -1.044619655609130859e+01  2.134710502624511719e+01  2.939290000000000000e+05  4.942412109375000000e+04  1.972989453125000000e+04  1.238501953125000000e+04
9.800000000000000000e+01  -6.681938171386718750e+01  -1.525388622283935547e+01  6.200024795532226562e+01  2.911660000000000000e+05  4.870046875000000000e+04  1.946162500000000000e+04  1.218681640625000000e+04
9.700000000000000000e+01  -6.447965240478515625e+01  -2.439747810363769531e+01  9.982334899902343750e+01  2.888090000000000000e+05  4.798841406250000000e+04  1.920260351562500000e+04  1.199259570312500000e+04
9.600000000000000000e+01  -5.325494003295898438e+01  -3.097406959533691406e+01  1.370122222900390625e+02  2.854770000000000000e+05  4.705152734375000000e+04  1.885998046875000000e+04  1.174555566406250000e+04
9.500000000000000000e+01  -4.279364395141601562e+01  -3.232695770263671875e+01  1.592661590576171875e+02  2.818340000000000000e+05  4.635950000000000000e+04  1.860345507812500000e+04  1.156494433593750000e+04
9.400000000000000000e+01  -2.515825462341308594e+01  -3.289211273193359375e+01  1.871633605957031250e+02  2.797840000000000000e+05  4.545116406250000000e+04  1.826575781250000000e+04  1.132627734375000000e+04
9.300000000000000000e+01  -1.078511333465576172e+01  -3.477693939208984375e+01  2.018080596923828125e+02  2.753560000000000000e+05  4.478101171875000000e+04  1.801817578125000000e+04  1.115276269531250000e+04
9.200000000000000000e+01  8.711443901062011719e+00  -3.700040054321289062e+01  2.178999481201171875e+02  2.681720000000000000e+05  4.390238281250000000e+04  1.769199023437500000e+04  1.092646777343750000e+04
9.100000000000000000e+01  2.391462326049804688e+01  -3.913690567016601562e+01  2.274714355468750000e+02  2.650250000000000000e+05  4.325542968750000000e+04  1.745256640625000000e+04  1.076005468750000000e+04
9.000000000000000000e+01  4.522605514526367188e+01  -4.097347259521484375e+01  2.362088165283203125e+02  2.629810000000000000e+05  4.240673828125000000e+04  1.713680078125000000e+04  1.054394726562500000e+04
8.900000000000000000e+01  6.759008789062500000e+01  -4.077312850952148438e+01  2.393338928222656250e+02  2.591570000000000000e+05  4.157400781250000000e+04  1.682523828125000000e+04  1.033533593750000000e+04
8.800000000000000000e+01  8.964115142822265625e+01  -3.823461914062500000e+01  2.406016693115234375e+02  2.536000000000000000e+05  4.075841015625000000e+04  1.651681640625000000e+04  1.012979687500000000e+04
8.700000000000000000e+01  1.031683273315429688e+02  -3.595544052124023438e+01  2.421918182373046875e+02  2.501650000000000000e+05  4.015794531250000000e+04  1.628898632812500000e+04  9.977788085937500000e+03
8.600000000000000000e+01  1.200446853637695312e+02  -3.217092514038085938e+01  2.405275878906250000e+02  2.458400000000000000e+05  3.937237890625000000e+04  1.599038476562500000e+04  9.779327148437500000e+03
8.500000000000000000e+01  1.238521728515625000e+02  -3.198259544372558594e+01  2.402716064453125000e+02  2.453930000000000000e+05  3.917797265625000000e+04  1.591693750000000000e+04  9.730091796875000000e+03
8.400000000000000000e+01  1.401269378662109375e+02  -2.974000358581542969e+01  2.383670806884765625e+02  2.590210000000000000e+05  3.841048437500000000e+04  1.562630273437500000e+04  9.536665039062500000e+03
8.300000000000000000e+01  1.533882904052734375e+02  -2.578805160522460938e+01  2.366548309326171875e+02  2.530250000000000000e+05  3.765869531250000000e+04  1.533884667968750000e+04  9.345617187500000000e+03
8.200000000000000000e+01  1.697269897460937500e+02  -2.057583045959472656e+01  2.309997863769531250e+02  2.483430000000000000e+05  3.692140625000000000e+04  1.505604492187500000e+04  9.160553710937500000e+03
8.100000000000000000e+01  1.838270568847656250e+02  -1.696450996398925781e+01  2.286036987304687500e+02  2.426310000000000000e+05  3.619980468750000000e+04  1.478149023437500000e+04  8.976213867187500000e+03
8.000000000000000000e+01  2.032929229736328125e+02  -1.124417209625244141e+01  2.245118713378906250e+02  2.335360000000000000e+05  3.531582421875000000e+04  1.444474414062500000e+04  8.750590820312500000e+03
7.900000000000000000e+01  2.182247009277343750e+02  -4.536888599395751953e+00  2.209225311279296875e+02  2.284350000000000000e+05  3.462393750000000000e+04  1.417931250000000000e+04  8.573043945312500000e+03
7.800000000000000000e+01  2.338270416259765625e+02  8.772189617156982422e-01  2.133594055175781250e+02  2.203460000000000000e+05  3.377961718750000000e+04  1.385625488281250000e+04  8.356206054687500000e+03
7.700000000000000000e+01  2.445727386474609375e+02  3.402008295059204102e+00  2.027619323730468750e+02  2.148320000000000000e+05  3.295901953125000000e+04  1.354529101562500000e+04  8.147825195312500000e+03
7.600000000000000000e+01  2.551492004394531250e+02  5.222043037414550781e+00  1.931765136718750000e+02  2.192540000000000000e+05  3.215850781250000000e+04  1.324020996093750000e+04  7.946219238281250000e+03
7.500000000000000000e+01  2.618325500488281250e+02  1.132849502563476562e+01  1.769378662109375000e+02  2.119530000000000000e+05  3.137758007812500000e+04  1.293691894531250000e+04  7.755125488281250000e+03
7.400000000000000000e+01  2.679144287109375000e+02  1.541377067565917969e+01  1.640432739257812500e+02  2.062870000000000000e+05  3.061548242187500000e+04  1.264344726562500000e+04  7.566387207031250000e+03
7.300000000000000000e+01  2.791753845214843750e+02  2.232393264770507812e+01  1.586037902832031250e+02  2.016460000000000000e+05  2.972101757812500000e+04  1.229583398437500000e+04  7.338070800781250000e+03
7.200000000000000000e+01  2.866334533691406250e+02  2.006748390197753906e+01  1.573704223632812500e+02  1.947410000000000000e+05  2.899392382812500000e+04  1.202045898437500000e+04  7.150729492187500000e+03
7.100000000000000000e+01  2.933791503906250000e+02  1.498091220855712891e+01  1.534453887939453125e+02  1.865350000000000000e+05  2.814922265625000000e+04  1.170107617187500000e+04  6.934819824218750000e+03
7.000000000000000000e+01  2.970897827148437500e+02  1.291677570343017578e+01  1.432251434326171875e+02  1.798640000000000000e+05  2.733140820312500000e+04  1.138962109375000000e+04  6.731209472656250000e+03
6.900000000000000000e+01  2.973508300781250000e+02  1.000977325439453125e+01  1.262551651000976562e+02  1.715320000000000000e+05  2.653977929687500000e+04  1.108753027343750000e+04  6.541057128906250000e+03
6.800000000000000000e+01  2.957918701171875000e+02  2.190349197387695312e+01  1.071691665649414062e+02  1.663430000000000000e+05  2.564801562500000000e+04  1.073121972656250000e+04  6.325097167968750000e+03
6.700000000000000000e+01  2.934081726074218750e+02  3.106443405151367188e+01  9.657035827636718750e+01  1.560120000000000000e+05  2.478636718750000000e+04  1.038736035156250000e+04  6.109712890625000000e+03
6.600000000000000000e+01  2.906231079101562500e+02  4.108775711059570312e+01  8.658923339843750000e+01  1.461350000000000000e+05  2.395468945312500000e+04  1.005321777343750000e+04  5.901113281250000000e+03
6.500000000000000000e+01  2.854992370605468750e+02  5.154099273681640625e+01  7.676015472412109375e+01  1.534480000000000000e+05  2.315118750000000000e+04  9.728347656250000000e+03  5.701471679687500000e+03
6.400000000000000000e+01  2.813199157714843750e+02  5.876089096069335938e+01  6.501886749267578125e+01  1.434680000000000000e+05  2.226713476562500000e+04  9.373634765625000000e+03  5.482692871093750000e+03
6.300000000000000000e+01  2.755231628417968750e+02  7.099954986572265625e+01  5.201869583129882812e+01  1.311440000000000000e+05  2.141582617187500000e+04  9.024625976562500000e+03  5.276236816406250000e+03
6.200000000000000000e+01  2.726227416992187500e+02  8.009432983398437500e+01  5.093422317504882812e+01  1.344030000000000000e+05  2.049427539062500000e+04  8.650196289062500000e+03  5.042060546875000000e+03
6.100000000000000000e+01  2.699337768554687500e+02  9.094571685791015625e+01  5.241650390625000000e+01  1.317140000000000000e+05  1.961028710937500000e+04  8.289642578125000000e+03  4.814024414062500000e+03
6.000000000000000000e+01  2.623416137695312500e+02  9.546956634521484375e+01  5.017748641967773438e+01  1.261710000000000000e+05  1.904866210937500000e+04  8.061659667968750000e+03  4.671399414062500000e+03
5.900000000000000000e+01  2.557272033691406250e+02  9.645208740234375000e+01  4.934363555908203125e+01  1.209710000000000000e+05  1.868338671875000000e+04  7.913512207031250000e+03  4.579688964843750000e+03
5.800000000000000000e+01  2.428580627441406250e+02  9.187660980224609375e+01  4.447308731079101562e+01  1.243290000000000000e+05  1.779894921875000000e+04  7.559523925781250000e+03  4.360055664062500000e+03
5.700000000000000000e+01  2.330621032714843750e+02  8.872972869873046875e+01  3.967293167114257812e+01  1.254890000000000000e+05  1.695735546875000000e+04  7.220319824218750000e+03  4.151347656250000000e+03
5.600000000000000000e+01  2.253007965087890625e+02  8.557409667968750000e+01  3.444250869750976562e+01  1.160550000000000000e+05  1.615316992187500000e+04  6.896181152343750000e+03  3.952961914062500000e+03
5.400000000000000000e+01  2.148438720703125000e+02  8.821954345703125000e+01  2.633999633789062500e+01  1.004330000000000000e+05  1.516602148437500000e+04  6.491533203125000000e+03  3.711737792968750000e+03
5.200000000000000000e+01  1.990931091308593750e+02  8.224126434326171875e+01  2.022042655944824219e+01  8.519200000000000000e+04  1.397086718750000000e+04  6.000770507812500000e+03  3.414585693359375000e+03
5.100000000000000000e+01  1.954316101074218750e+02  8.330959320068359375e+01  1.553318500518798828e+01  7.524700000000000000e+04  1.337513281250000000e+04  5.752919921875000000e+03  3.268422607421875000e+03
5.000000000000000000e+01  1.859452667236328125e+02  8.356560516357421875e+01  1.211974716186523438e+01  7.399600000000000000e+04  1.274710937500000000e+04  5.490273925781250000e+03  3.113604492187500000e+03
4.900000000000000000e+01  1.850639038085937500e+02  8.426020050048828125e+01  1.169691848754882812e+01  7.199600000000000000e+04  1.262420800781250000e+04  5.438475585937500000e+03  3.083531005859375000e+03
4.800000000000000000e+01  1.806251525878906250e+02  8.118986511230468750e+01  1.423024368286132812e+01  6.320600000000000000e+04  1.214267675781250000e+04  5.239916992187500000e+03  2.961729492187500000e+03
4.700000000000000000e+01  1.750189819335937500e+02  7.506585693359375000e+01  8.136075019836425781e+00  5.530800000000000000e+04  1.156904199218750000e+04  5.000639160156250000e+03  2.823258056640625000e+03
4.500000000000000000e+01  1.558462677001953125e+02  7.237432098388671875e+01  -1.127411007881164551e+00  4.315200000000000000e+04  1.077135742187500000e+04  4.661800292968750000e+03  2.629723632812500000e+03
4.400000000000000000e+01  1.529290008544921875e+02  7.312982940673828125e+01  -4.038650989532470703e+00  4.491100000000000000e+04  1.056649609375000000e+04  4.574020019531250000e+03  2.580866455078125000e+03
4.300000000000000000e+01  1.455731964111328125e+02  7.302841949462890625e+01  -8.834467887878417969e+00  3.203800000000000000e+04  1.007118164062500000e+04  4.361539062500000000e+03  2.460771972656250000e+03
4.200000000000000000e+01  1.410533142089843750e+02  7.550236511230468750e+01  -1.285568237304687500e+01  6.016300000000000000e+04  9.598169921875000000e+03  4.158391113281250000e+03  2.346638427734375000e+03
4.100000000000000000e+01  1.399638671875000000e+02  7.798184967041015625e+01  -1.480715560913085938e+01  6.614600000000000000e+04  9.415130859375000000e+03  4.080194580078125000e+03  2.302756103515625000e+03
4.000000000000000000e+01  1.381244354248046875e+02  8.011465454101562500e+01  -1.748593330383300781e+01  6.891700000000000000e+04  9.147196289062500000e+03  3.965353515625000000e+03  2.238962158203125000e+03
3.900000000000000000e+01  1.347528533935546875e+02  8.097513580322265625e+01  -2.146179389953613281e+01  8.049400000000000000e+04  8.759817382812500000e+03  3.800195800781250000e+03  2.146690185546875000e+03
3.800000000000000000e+01  1.312191009521484375e+02  8.124695587158203125e+01  -2.474641990661621094e+01  7.587600000000000000e+04  8.348853515625000000e+03  3.624670898437500000e+03  2.048638183593750000e+03
3.700000000000000000e+01  1.282258148193359375e+02  8.060120391845703125e+01  -2.568999671936035156e+01  1.352190000000000000e+05  7.956557617187500000e+03  3.457781005859375000e+03  1.953687133789062500e+03
3.600000000000000000e+01  1.244257431030273438e+02  7.844692993164062500e+01  -2.663203811645507812e+01  1.121620000000000000e+05  7.583458496093750000e+03  3.299354248046875000e+03  1.863437377929687500e+03
3.500000000000000000e+01  1.233331146240234375e+02  7.904426574707031250e+01  -2.607612800598144531e+01  1.081160000000000000e+05  7.511368164062500000e+03  3.267492187500000000e+03  1.845011596679687500e+03
3.400000000000000000e+01  1.204169616699218750e+02  7.614840698242187500e+01  -2.622360801696777344e+01  8.779400000000000000e+04  7.228016113281250000e+03  3.147722900390625000e+03  1.775600463867187500e+03
3.300000000000000000e+01  1.164380340576171875e+02  7.388886260986328125e+01  -2.817585372924804688e+01  6.103300000000000000e+04  6.922954589843750000e+03  3.017410888671875000e+03  1.702227661132812500e+03
3.200000000000000000e+01  1.151115722656250000e+02  7.276757049560546875e+01  -2.857568168640136719e+01  6.290800000000000000e+04  6.824326171875000000e+03  2.975221923828125000e+03  1.678269042968750000e+03
3.100000000000000000e+01  1.133702545166015625e+02  7.076006317138671875e+01  -2.717786788940429688e+01  1.062710000000000000e+05  6.598604980468750000e+03  2.879260009765625000e+03  1.622473388671875000e+03
3.000000000000000000e+01  1.101629867553710938e+02  6.775158691406250000e+01  -2.737420463562011719e+01  1.099040000000000000e+05  6.289134765625000000e+03  2.747199951171875000e+03  1.547293334960937500e+03
2.800000000000000000e+01  1.028729705810546875e+02  6.541893768310546875e+01  -2.762902069091796875e+01  2.848490000000000000e+05  5.742292480468750000e+03  2.510391357421875000e+03  1.414546264648437500e+03
2.700000000000000000e+01  9.960466766357421875e+01  6.358469390869140625e+01  -2.711301994323730469e+01  2.581790000000000000e+05  5.473465332031250000e+03  2.394316162109375000e+03  1.349128051757812500e+03
