1.803634763474445610e-02  1.787976007244813578e-02  4.250275915590464137e+00  3.427325095930427779e+00
2.006227816926580559e-02  1.986318942540375720e-02  3.903753936174325645e-01  3.878721122018760070e-01
2.205723486499443567e-02  2.241136311892224370e-02  1.646798526984639466e+00  1.533736050900188275e+00
2.480459324308777538e-02  2.457406714231494954e-02  5.113548292938503437e-01  1.447108693690097425e+00
1.845746062588689285e-02  1.892499689184541298e-02  6.209240556145232404e+00  4.872029321057198104e+00
1.715402242454001913e-02  1.717299957048947986e-02  1.917646697242162190e+00  2.343914088567544241e+00
1.739915752098304680e-02  1.635917121925627160e-02  4.220111663242278155e+00  7.301941927646112163e+00
1.793438051087471383e-02  1.785162346003638795e-02  2.011139994690893218e+00  1.899943353273556568e+00
1.919902935290806328e-02  1.928361187250278788e-02  2.784976641079992987e+00  2.292933216878736857e+00
2.265707674839728333e-02  2.172254337215113323e-02  5.200139846827369183e+00  5.785486115033563692e+00
2.031645032992496214e-02  2.061155840481358054e-02  3.015622192484443076e+00  2.383963071319158189e+00
2.109379853961068987e-02  2.267252410667402324e-02  7.867279901307483669e+00  6.421874794010363985e+00
2.312138764047060729e-02  2.331866866601635738e-02  1.538810570571513381e+00  1.980932011021650396e+00
1.504641934903202735e-02  1.455115308972365976e-02  2.836746533648693003e+00  3.951389735746488441e+00
1.815811660837488017e-02  1.818107866445358919e-02  7.724040379689540714e-01  5.718645579618168995e-01
1.778827289518261981e-02  1.787874189392648847e-02  2.858801838723593391e+00  1.411429019964998588e+00
1.955722721714236653e-02  1.943716082241918330e-02  1.707216881273780018e+00  1.921680717110575642e+00
1.857284569146496270e-02  1.895157384004798537e-02  1.617887570202583447e+00  3.947437254682881758e-01
1.607364892016011071e-02  1.652681083261768949e-02  5.760007032658904791e-01  7.436165188846644014e-01
2.140124048665296291e-02  2.087489666908193264e-02  3.374640382244251668e-01  5.408038754685549065e-01
1.951450776519620886e-02  1.943550866429244461e-02  2.578903010100475512e+00  1.768963573777000420e+00
1.972650263267226173e-02  2.054680408187433208e-02  2.435669767364743166e+00  3.942859099355700891e+00
2.803556386468605138e-02  2.706630163967460243e-02  1.521604121890413808e+01  1.539449472770502325e+01
1.700241758974771825e-02  1.704656678567054856e-02  8.456883624166948721e-01  1.189775468068546616e+00
1.667731612285447071e-02  1.657186048989993388e-02  5.346328523766715080e+00  7.699550240584358107e+00
1.933282418085425364e-02  1.952444528220205130e-02  5.361114641091262456e+00  4.440391322474170011e+00
2.120193491867462116e-02  2.148786532753951817e-02  3.369690516119590029e-01  4.212498227861942723e-01
2.073671215810429444e-02  2.059833666397729857e-02  2.689023352650110610e+00  3.371383558856905438e+00
2.182195165076852850e-02  2.243166159942707946e-02  2.337658591124636587e+00  2.783952997720916755e+00
1.965139145883462030e-02  1.987169610022566923e-02  6.652022800990380347e-01  5.723410190912545659e-01
1.992843384644127011e-02  1.988763819097853769e-02  7.325323765107896179e-01  6.554703586152754724e-01
2.190373326412763111e-02  2.121237593374236327e-02  3.849393081036396325e-01  4.003308133542304859e-01
1.727798109776218852e-02  1.754203537496890064e-02  1.745954904472455382e+00  1.401118258654605597e+00
