1.140000000000000000e+02  -1.423055887222290039e+00  1.328221321105957031e+01  -6.736155986785888672e+00  3.495180000000000000e+05  1.644422851562500000e+04  1.242865136718750000e+04  5.365762500000000000e+04
1.130000000000000000e+02  -1.302910327911376953e+01  -3.048524093627929688e+01  1.130847740173339844e+01  3.465850000000000000e+05  1.623612597656250000e+04  1.224529980468750000e+04  5.291061718750000000e+04
1.120000000000000000e+02  -3.349241638183593750e+01  -4.804539489746093750e+01  1.525343322753906250e+01  3.424580000000000000e+05  1.603233496093750000e+04  1.205423144531250000e+04  5.217950390625000000e+04
1.110000000000000000e+02  -4.559312438964843750e+01  -5.164462661743164062e+01  1.454418754577636719e+01  3.383050000000000000e+05  1.582848339843750000e+04  1.186116699218750000e+04  5.146016796875000000e+04
1.100000000000000000e+02  -4.938955307006835938e+01  -4.785832977294921875e+01  1.273911380767822266e+01  3.360290000000000000e+05  1.569170312500000000e+04  1.173194042968750000e+04  5.098648437500000000e+04
1.090000000000000000e+02  -4.302287673950195312e+01  -2.677798652648925781e+01  4.237360477447509766e+00  3.330630000000000000e+05  1.548267871093750000e+04  1.153408203125000000e+04  5.028515625000000000e+04
1.080000000000000000e+02  -7.369174480438232422e+00  1.933900451660156250e+01  -6.535844802856445312e+00  3.308120000000000000e+05  1.526341406250000000e+04  1.132907910156250000e+04  4.959437109375000000e+04
1.070000000000000000e+02  5.590969848632812500e+01  3.356809234619140625e+01  -3.747372150421142578e+00  3.271170000000000000e+05  1.503230664062500000e+04  1.114051367187500000e+04  4.890880468750000000e+04
1.060000000000000000e+02  1.045837631225585938e+02  3.127111244201660156e+01  3.513413429260253906e+00  3.241160000000000000e+05  1.481052148437500000e+04  1.096264453125000000e+04  4.822937109375000000e+04
1.050000000000000000e+02  1.404329833984375000e+02  2.417460250854492188e+01  9.760993957519531250e+00  3.205930000000000000e+05  1.459827148437500000e+04  1.078908300781250000e+04  4.755880468750000000e+04
1.040000000000000000e+02  1.761486663818359375e+02  1.497502422332763672e+01  1.776745414733886719e+01  3.172060000000000000e+05  1.438842089843750000e+04  1.062139843750000000e+04  4.689873046875000000e+04
1.030000000000000000e+02  2.034419097900390625e+02  5.713665008544921875e+00  2.372218322753906250e+01  3.128740000000000000e+05  1.418495605468750000e+04  1.045725000000000000e+04  4.624687109375000000e+04
1.020000000000000000e+02  2.301528778076171875e+02  -7.355400562286376953e+00  3.042973899841308594e+01  3.099650000000000000e+05  1.398396679687500000e+04  1.029661132812500000e+04  4.560532812500000000e+04
1.010000000000000000e+02  2.533337402343750000e+02  -1.624975013732910156e+01  3.474746322631835938e+01  3.073860000000000000e+05  1.378640917968750000e+04  1.013823828125000000e+04  4.497373046875000000e+04
1.000000000000000000e+02  2.818361206054687500e+02  -3.409857940673828125e+01  4.253784561157226562e+01  3.032920000000000000e+05  1.352819824218750000e+04  9.933335937500000000e+03  4.414340234375000000e+04
9.900000000000000000e+01  3.027192993164062500e+02  -4.314805221557617188e+01  5.061867141723632812e+01  2.983030000000000000e+05  1.333931152343750000e+04  9.782852539062500000e+03  4.353003515625000000e+04
9.800000000000000000e+01  3.188678283691406250e+02  -5.984091949462890625e+01  5.573528671264648438e+01  2.933570000000000000e+05  1.315393359375000000e+04  9.636350585937500000e+03  4.292582812500000000e+04
9.700000000000000000e+01  3.353780212402343750e+02  -6.773112487792968750e+01  6.078199005126953125e+01  2.900140000000000000e+05  1.297296875000000000e+04  9.490469726562500000e+03  4.233132812500000000e+04
9.600000000000000000e+01  3.493988647460937500e+02  -8.787959289550781250e+01  6.587762451171875000e+01  2.879370000000000000e+05  1.273820605468750000e+04  9.302716796875000000e+03  4.155074609375000000e+04
9.500000000000000000e+01  3.612557678222656250e+02  -1.014562225341796875e+02  7.143261718750000000e+01  2.849360000000000000e+05  1.256511914062500000e+04  9.165702148437500000e+03  4.097616406250000000e+04
9.400000000000000000e+01  3.698225097656250000e+02  -1.139631195068359375e+02  7.272068023681640625e+01  2.827350000000000000e+05  1.234006347656250000e+04  8.983114257812500000e+03  4.022352343750000000e+04
9.300000000000000000e+01  3.754085998535156250e+02  -1.241669311523437500e+02  7.685340118408203125e+01  2.796510000000000000e+05  1.217551367187500000e+04  8.846422851562500000e+03  3.966702343750000000e+04
9.200000000000000000e+01  3.757514953613281250e+02  -1.317017211914062500e+02  7.813037109375000000e+01  2.741050000000000000e+05  1.195902539062500000e+04  8.665552734375000000e+03  3.893753515625000000e+04
9.100000000000000000e+01  3.786428527832031250e+02  -1.430540313720703125e+02  7.936722564697265625e+01  3.358880000000000000e+05  1.179835351562500000e+04  8.533640625000000000e+03  3.840007812500000000e+04
9.000000000000000000e+01  3.782254028320312500e+02  -1.517826995849609375e+02  8.207580566406250000e+01  3.335940000000000000e+05  1.158796679687500000e+04  8.361055664062500000e+03  3.769227343750000000e+04
8.900000000000000000e+01  3.764754638671875000e+02  -1.638364868164062500e+02  8.540140533447265625e+01  3.310920000000000000e+05  1.138204882812500000e+04  8.191646484375000000e+03  3.699794140625000000e+04
8.800000000000000000e+01  3.755265197753906250e+02  -1.718415374755859375e+02  8.969020080566406250e+01  3.261420000000000000e+05  1.118046484375000000e+04  8.025998046875000000e+03  3.631665625000000000e+04
8.700000000000000000e+01  3.730311279296875000e+02  -1.811142120361328125e+02  9.201429748535156250e+01  3.241410000000000000e+05  1.103054980468750000e+04  7.904133300781250000e+03  3.581406250000000000e+04
8.600000000000000000e+01  3.752934875488281250e+02  -1.874729919433593750e+02  9.497896575927734375e+01  3.193290000000000000e+05  1.083407617187500000e+04  7.743110839843750000e+03  3.515423046875000000e+04
8.500000000000000000e+01  3.763695373535156250e+02  -1.902613677978515625e+02  9.697984313964843750e+01  3.195530000000000000e+05  1.078548632812500000e+04  7.703400878906250000e+03  3.499067187500000000e+04
8.400000000000000000e+01  3.752208557128906250e+02  -2.014776306152343750e+02  9.843641662597656250e+01  3.144340000000000000e+05  1.059259375000000000e+04  7.547005371093750000e+03  3.434688671875000000e+04
8.300000000000000000e+01  3.737642517089843750e+02  -2.084348144531250000e+02  1.001913223266601562e+02  3.078270000000000000e+05  1.040417285156250000e+04  7.394483398437500000e+03  3.371336328125000000e+04
8.200000000000000000e+01  3.712585754394531250e+02  -2.186962738037109375e+02  1.034854049682617188e+02  3.111080000000000000e+05  1.022014941406250000e+04  7.246402832031250000e+03  3.309203515625000000e+04
8.100000000000000000e+01  3.707025756835937500e+02  -2.259003295898437500e+02  1.038910522460937500e+02  3.053980000000000000e+05  1.003904980468750000e+04  7.101387207031250000e+03  3.248370898437500000e+04
8.000000000000000000e+01  3.667955322265625000e+02  -2.334781494140625000e+02  1.063506011962890625e+02  2.955230000000000000e+05  9.816078125000000000e+03  6.922893066406250000e+03  3.173613671875000000e+04
7.900000000000000000e+01  3.663330688476562500e+02  -2.359114227294921875e+02  1.099859237670898438e+02  2.864640000000000000e+05  9.640826171875000000e+03  6.782663085937500000e+03  3.115026367187500000e+04
7.800000000000000000e+01  3.605400085449218750e+02  -2.402917175292968750e+02  1.123563232421875000e+02  2.799740000000000000e+05  9.428357421875000000e+03  6.613152343750000000e+03  3.043349804687500000e+04
7.700000000000000000e+01  3.523608703613281250e+02  -2.485384216308593750e+02  1.146539154052734375e+02  2.745980000000000000e+05  9.221014648437500000e+03  6.446887207031250000e+03  2.973287109375000000e+04
7.600000000000000000e+01  3.448237609863281250e+02  -2.548935089111328125e+02  1.148941421508789062e+02  2.679060000000000000e+05  9.016657226562500000e+03  6.287972167968750000e+03  2.904926367187500000e+04
7.500000000000000000e+01  3.385754089355468750e+02  -2.618061828613281250e+02  1.145419235229492188e+02  2.603780000000000000e+05  8.816085937500000000e+03  6.131882324218750000e+03  2.838089843750000000e+04
7.400000000000000000e+01  3.320937194824218750e+02  -2.661996459960937500e+02  1.143685836791992188e+02  2.535180000000000000e+05  8.620564453125000000e+03  5.978131347656250000e+03  2.772814062500000000e+04
7.300000000000000000e+01  3.247778015136718750e+02  -2.743894042968750000e+02  1.133188552856445312e+02  2.468500000000000000e+05  8.390489257812500000e+03  5.799832519531250000e+03  2.696470703125000000e+04
7.200000000000000000e+01  3.102615966796875000e+02  -2.768983154296875000e+02  1.077520599365234375e+02  2.369500000000000000e+05  8.202520507812500000e+03  5.654658691406250000e+03  2.634307226562500000e+04
7.100000000000000000e+01  3.004241638183593750e+02  -2.765356140136718750e+02  1.039977645874023438e+02  2.290840000000000000e+05  7.985163085937500000e+03  5.487979003906250000e+03  2.561775976562500000e+04
7.000000000000000000e+01  2.964794006347656250e+02  -2.748682250976562500e+02  1.014864196777343750e+02  2.193770000000000000e+05  7.771861328125000000e+03  5.326980957031250000e+03  2.491378515625000000e+04
6.900000000000000000e+01  2.989753417968750000e+02  -2.733222961425781250e+02  1.069836273193359375e+02  2.098860000000000000e+05  7.566025390625000000e+03  5.169540527343750000e+03  2.422606445312500000e+04
6.800000000000000000e+01  3.065222778320312500e+02  -2.819077453613281250e+02  1.144792633056640625e+02  1.986800000000000000e+05  7.328796386718750000e+03  4.989295410156250000e+03  2.344766992187500000e+04
6.700000000000000000e+01  3.027705078125000000e+02  -2.918056945800781250e+02  1.180033645629882812e+02  1.887370000000000000e+05  7.101980957031250000e+03  4.813531250000000000e+03  2.269286523437500000e+04
6.600000000000000000e+01  2.916985168457031250e+02  -2.996835937500000000e+02  1.162312469482421875e+02  1.777190000000000000e+05  6.885474121093750000e+03  4.644348144531250000e+03  2.196548242187500000e+04
6.500000000000000000e+01  2.740755920410156250e+02  -3.057543029785156250e+02  1.128922271728515625e+02  1.692080000000000000e+05  6.680042968750000000e+03  4.482306640625000000e+03  2.126236718750000000e+04
6.400000000000000000e+01  2.589381103515625000e+02  -3.096797790527343750e+02  1.076672134399414062e+02  1.593840000000000000e+05  6.448727050781250000e+03  4.304244140625000000e+03  2.048620898437500000e+04
6.300000000000000000e+01  2.467585144042968750e+02  -3.148342895507812500e+02  1.029756774902343750e+02  1.479200000000000000e+05  6.223840820312500000e+03  4.135480957031250000e+03  1.973765625000000000e+04
6.200000000000000000e+01  2.350533142089843750e+02  -3.206838684082031250e+02  1.008896942138671875e+02  1.367330000000000000e+05  5.976915039062500000e+03  3.953978515625000000e+03  1.892652539062500000e+04
6.100000000000000000e+01  2.191085357666015625e+02  -3.289816589355468750e+02  9.612078094482421875e+01  1.232810000000000000e+05  5.737834472656250000e+03  3.781167236328125000e+03  1.814788281250000000e+04
6.000000000000000000e+01  2.099668121337890625e+02  -3.327051391601562500e+02  9.413781738281250000e+01  1.371680000000000000e+05  5.585383789062500000e+03  3.670136230468750000e+03  1.764584570312500000e+04
5.900000000000000000e+01  2.056897735595703125e+02  -3.335014343261718750e+02  9.107839202880859375e+01  1.309660000000000000e+05  5.485369140625000000e+03  3.598009277343750000e+03  1.731970898437500000e+04
5.800000000000000000e+01  1.899797363281250000e+02  -3.357302856445312500e+02  8.701133728027343750e+01  1.166710000000000000e+05  5.244906738281250000e+03  3.424583740234375000e+03  1.652951953125000000e+04
5.700000000000000000e+01  1.841026000976562500e+02  -3.323407897949218750e+02  7.786198425292968750e+01  1.034030000000000000e+05  5.009566406250000000e+03  3.255615234375000000e+03  1.577649804687500000e+04
5.600000000000000000e+01  1.661369323730468750e+02  -3.246823120117187500e+02  7.939537811279296875e+01  9.087200000000000000e+04  4.786913085937500000e+03  3.095741943359375000e+03  1.505586523437500000e+04
5.400000000000000000e+01  1.500043640136718750e+02  -3.148260192871093750e+02  7.964932250976562500e+01  8.043100000000000000e+04  4.508723632812500000e+03  2.901349365234375000e+03  1.416680566406250000e+04
5.200000000000000000e+01  1.365851745605468750e+02  -3.005054931640625000e+02  8.298238372802734375e+01  6.502700000000000000e+04  4.169285156250000000e+03  2.665508789062500000e+03  1.307687988281250000e+04
5.100000000000000000e+01  1.291010131835937500e+02  -2.907401733398437500e+02  8.557822418212890625e+01  5.893200000000000000e+04  3.999868408203125000e+03  2.545529541015625000e+03  1.253141699218750000e+04
5.000000000000000000e+01  1.204272155761718750e+02  -2.826825561523437500e+02  8.535414886474609375e+01  9.104800000000000000e+04  3.820604492187500000e+03  2.423484130859375000e+03  1.195483300781250000e+04
4.900000000000000000e+01  1.201303787231445312e+02  -2.801476745605468750e+02  8.445823669433593750e+01  9.075600000000000000e+04  3.784532958984375000e+03  2.399251464843750000e+03  1.184388085937500000e+04
4.800000000000000000e+01  1.132013397216796875e+02  -2.741559448242187500e+02  8.174983978271484375e+01  7.962700000000000000e+04  3.648211669921875000e+03  2.306591796875000000e+03  1.140712207031250000e+04
4.700000000000000000e+01  1.086525802612304688e+02  -2.640647888183593750e+02  7.832674407958984375e+01  7.316200000000000000e+04  3.481231201171875000e+03  2.193990722656250000e+03  1.088428710937500000e+04
4.600000000000000000e+01  9.884825134277343750e+01  -2.545649871826171875e+02  7.682497406005859375e+01  9.750200000000000000e+04  3.326944580078125000e+03  2.087030517578125000e+03  1.038319238281250000e+04
4.500000000000000000e+01  9.594904327392578125e+01  -2.500846099853515625e+02  7.596510314941406250e+01  9.433100000000000000e+04  3.250452880859375000e+03  2.036300048828125000e+03  1.014134960937500000e+04
4.400000000000000000e+01  9.216616058349609375e+01  -2.459232025146484375e+02  7.564209747314453125e+01  9.104200000000000000e+04  3.192169433593750000e+03  1.996454345703125000e+03  9.952023437500000000e+03
4.300000000000000000e+01  8.881870269775390625e+01  -2.389250335693359375e+02  7.290584564208984375e+01  4.641800000000000000e+04  3.046420654296875000e+03  1.901420776367187500e+03  9.494248046875000000e+03
4.200000000000000000e+01  8.413162994384765625e+01  -2.295344543457031250e+02  7.053584289550781250e+01  1.196830000000000000e+05  2.908097900390625000e+03  1.809263549804687500e+03  9.057252929687500000e+03
4.100000000000000000e+01  8.218800354003906250e+01  -2.251793823242187500e+02  6.961492919921875000e+01  1.388430000000000000e+05  2.854796630859375000e+03  1.773371337890625000e+03  8.888226562500000000e+03
4.000000000000000000e+01  7.955835723876953125e+01  -2.205452728271484375e+02  6.815106201171875000e+01  2.461820000000000000e+05  2.776560791015625000e+03  1.721743041992187500e+03  8.640315429687500000e+03
3.900000000000000000e+01  7.564459228515625000e+01  -2.133103637695312500e+02  6.627316284179687500e+01  2.863470000000000000e+05  2.663448974609375000e+03  1.646682006835937500e+03  8.281365234375000000e+03
3.800000000000000000e+01  7.174559020996093750e+01  -2.047674102783203125e+02  6.313327789306640625e+01  2.381050000000000000e+05  2.542157958984375000e+03  1.567298828125000000e+03  7.899757812500000000e+03
3.700000000000000000e+01  6.701876831054687500e+01  -1.962743682861328125e+02  5.941010665893554688e+01  2.589090000000000000e+05  2.426339599609375000e+03  1.491920898437500000e+03  7.536234375000000000e+03
3.600000000000000000e+01  6.350749206542968750e+01  -1.896608886718750000e+02  5.454119491577148438e+01  2.897630000000000000e+05  2.315542236328125000e+03  1.420817016601562500e+03  7.189562500000000000e+03
3.500000000000000000e+01  6.256162643432617188e+01  -1.879279937744140625e+02  5.431989288330078125e+01  2.118980000000000000e+05  2.294239746093750000e+03  1.406698974609375000e+03  7.122113769531250000e+03
3.400000000000000000e+01  5.950320053100585938e+01  -1.818901824951171875e+02  5.214678573608398438e+01  2.379210000000000000e+05  2.210311523437500000e+03  1.352829223632812500e+03  6.858060546875000000e+03
3.300000000000000000e+01  5.664317703247070312e+01  -1.753900756835937500e+02  4.957979965209960938e+01  2.910770000000000000e+05  2.119478515625000000e+03  1.294515502929687500e+03  6.573198730468750000e+03
3.200000000000000000e+01  5.541914749145507812e+01  -1.733188934326171875e+02  4.954357910156250000e+01  2.374180000000000000e+05  2.090285644531250000e+03  1.275539794921875000e+03  6.480239746093750000e+03
3.100000000000000000e+01  5.342486190795898438e+01  -1.680452270507812500e+02  4.708664703369140625e+01  2.149010000000000000e+05  2.022526611328125000e+03  1.232679687500000000e+03  6.270436035156250000e+03
3.000000000000000000e+01  5.022706604003906250e+01  -1.614416809082031250e+02  4.521971130371093750e+01  1.772000000000000000e+05  1.929991333007812500e+03  1.174143432617187500e+03  5.981085449218750000e+03
2.900000000000000000e+01  4.703932189941406250e+01  -1.542919616699218750e+02  4.409749984741210938e+01  1.402860000000000000e+05  1.842372558593750000e+03  1.118090454101562500e+03  5.704946289062500000e+03
2.800000000000000000e+01  4.465563964843750000e+01  -1.487628173828125000e+02  4.151915359497070312e+01  1.464910000000000000e+05  1.766323608398437500e+03  1.070204956054687500e+03  5.467897949218750000e+03
2.700000000000000000e+01  4.185366439819335938e+01  -1.425405731201171875e+02  3.993973541259765625e+01  1.496040000000000000e+05  1.685828979492187500e+03  1.019541687011718750e+03  5.215420410156250000e+03
2.600000000000000000e+01  4.000722885131835938e+01  -1.368751678466796875e+02  3.901508712768554688e+01  1.876120000000000000e+05  1.608714233398437500e+03  9.711801147460937500e+02  4.974656250000000000e+03
