1.210000000000000000e+02  -3.914501953125000000e+01  -7.006382465362548828e+00  -1.316687469482421875e+02  3.550390000000000000e+05  2.238394921875000000e+04  2.146050976562500000e+04  3.196285156250000000e+04
1.200000000000000000e+02  -5.175907135009765625e+01  -3.251017570495605469e+00  -1.759743652343750000e+02  3.518020000000000000e+05  2.210539257812500000e+04  2.117682031250000000e+04  3.148093750000000000e+04
1.190000000000000000e+02  -6.244185256958007812e+01  6.853457540273666382e-03  -2.147690887451171875e+02  3.486990000000000000e+05  2.182793554687500000e+04  2.089707226562500000e+04  3.100561914062500000e+04
1.180000000000000000e+02  -7.120298004150390625e+01  2.052474260330200195e+00  -2.364780883789062500e+02  3.486400000000000000e+05  2.164558789062500000e+04  2.071245507812500000e+04  3.069175195312500000e+04
1.170000000000000000e+02  -8.138651275634765625e+01  3.263938426971435547e+00  -2.660210266113281250e+02  3.433730000000000000e+05  2.137247656250000000e+04  2.043861328125000000e+04  3.022752734375000000e+04
1.160000000000000000e+02  -9.352520751953125000e+01  1.143743276596069336e+00  -2.896683654785156250e+02  3.400690000000000000e+05  2.110513281250000000e+04  2.016907617187500000e+04  2.976945312500000000e+04
1.150000000000000000e+02  -9.849960327148437500e+01  -6.623433232307434082e-01  -3.026451416015625000e+02  3.397410000000000000e+05  2.092776562500000000e+04  1.999129296875000000e+04  2.946719531250000000e+04
1.140000000000000000e+02  -1.059720153808593750e+02  -3.733239412307739258e+00  -3.175229797363281250e+02  3.365020000000000000e+05  2.066470312500000000e+04  1.972685937500000000e+04  2.901857617187500000e+04
1.130000000000000000e+02  -1.101750717163085938e+02  -8.589360237121582031e+00  -3.298941345214843750e+02  3.345860000000000000e+05  2.040426757812500000e+04  1.946621093750000000e+04  2.857676953125000000e+04
1.120000000000000000e+02  -1.123025207519531250e+02  -1.337859344482421875e+01  -3.399682617187500000e+02  3.301930000000000000e+05  2.014654296875000000e+04  1.920866992187500000e+04  2.814133007812500000e+04
1.110000000000000000e+02  -1.117078399658203125e+02  -1.894284629821777344e+01  -3.462714538574218750e+02  3.278620000000000000e+05  1.989030078125000000e+04  1.895537304687500000e+04  2.771176171875000000e+04
1.100000000000000000e+02  -1.112490844726562500e+02  -2.300502967834472656e+01  -3.485782775878906250e+02  3.267460000000000000e+05  1.972251953125000000e+04  1.878790820312500000e+04  2.742811132812500000e+04
1.090000000000000000e+02  -1.086416549682617188e+02  -2.970775604248046875e+01  -3.507521362304687500e+02  3.242570000000000000e+05  1.947171679687500000e+04  1.854025585937500000e+04  2.700813867187500000e+04
1.080000000000000000e+02  -9.505709838867187500e+01  -4.078462219238281250e+01  -3.563125305175781250e+02  3.235050000000000000e+05  1.921420117187500000e+04  1.830058398437500000e+04  2.659914453125000000e+04
1.070000000000000000e+02  -8.495475769042968750e+01  -5.014015197753906250e+01  -3.580303344726562500e+02  3.200370000000000000e+05  1.896378515625000000e+04  1.806226953125000000e+04  2.619411914062500000e+04
1.060000000000000000e+02  -7.776123809814453125e+01  -5.938323593139648438e+01  -3.552534790039062500e+02  3.158120000000000000e+05  1.871997656250000000e+04  1.782702539062500000e+04  2.579284960937500000e+04
1.050000000000000000e+02  -7.681560516357421875e+01  -6.986707305908203125e+01  -3.478977966308593750e+02  3.107420000000000000e+05  1.848658593750000000e+04  1.759526367187500000e+04  2.539425000000000000e+04
1.040000000000000000e+02  -8.770269775390625000e+01  -7.903427886962890625e+01  -3.352057495117187500e+02  3.046820000000000000e+05  1.826837695312500000e+04  1.736664062500000000e+04  2.499890429687500000e+04
1.030000000000000000e+02  -1.022719268798828125e+02  -7.878969573974609375e+01  -3.164674377441406250e+02  3.001400000000000000e+05  1.805823046875000000e+04  1.713164062500000000e+04  2.460370312500000000e+04
1.020000000000000000e+02  -1.079180297851562500e+02  -7.561213684082031250e+01  -2.983395690917968750e+02  2.976550000000000000e+05  1.784175585937500000e+04  1.689686523437500000e+04  2.421659375000000000e+04
1.010000000000000000e+02  -1.096066513061523438e+02  -7.570059967041015625e+01  -2.808771362304687500e+02  2.947620000000000000e+05  1.762497851562500000e+04  1.666785742187500000e+04  2.383797070312500000e+04
1.000000000000000000e+02  -1.095080261230468750e+02  -7.578264617919921875e+01  -2.542078247070312500e+02  3.030370000000000000e+05  1.733784960937500000e+04  1.636688574218750000e+04  2.334153515625000000e+04
9.900000000000000000e+01  -1.084953613281250000e+02  -7.714288330078125000e+01  -2.336865844726562500e+02  2.992640000000000000e+05  1.712500000000000000e+04  1.614624316406250000e+04  2.297730664062500000e+04
9.800000000000000000e+01  -1.061954498291015625e+02  -7.811734771728515625e+01  -2.118570556640625000e+02  2.957050000000000000e+05  1.691435351562500000e+04  1.592877343750000000e+04  2.261820312500000000e+04
9.700000000000000000e+01  -1.016300125122070312e+02  -7.978141784667968750e+01  -1.887106018066406250e+02  2.931380000000000000e+05  1.670376757812500000e+04  1.571485644531250000e+04  2.226457226562500000e+04
9.600000000000000000e+01  -9.610022735595703125e+01  -8.063388061523437500e+01  -1.582966461181640625e+02  2.896190000000000000e+05  1.642819531250000000e+04  1.543362402343750000e+04  2.180359570312500000e+04
9.500000000000000000e+01  -8.706900787353515625e+01  -8.020544433593750000e+01  -1.297174224853515625e+02  2.865530000000000000e+05  1.622149902343750000e+04  1.522595703125000000e+04  2.146040820312500000e+04
9.400000000000000000e+01  -7.073036956787109375e+01  -7.891897583007812500e+01  -8.877283477783203125e+01  2.834070000000000000e+05  1.594705664062500000e+04  1.495313183593750000e+04  2.101131835937500000e+04
9.300000000000000000e+01  -5.785316467285156250e+01  -7.920870208740234375e+01  -5.673077011108398438e+01  2.801350000000000000e+05  1.574450878906250000e+04  1.475448339843750000e+04  2.068174609375000000e+04
9.200000000000000000e+01  -3.818536758422851562e+01  -7.608572387695312500e+01  -1.376575374603271484e+01  3.062680000000000000e+05  1.547984179687500000e+04  1.449396386718750000e+04  2.025250195312500000e+04
9.100000000000000000e+01  -2.420477485656738281e+01  -6.812613677978515625e+01  1.801385116577148438e+01  2.716780000000000000e+05  1.528633105468750000e+04  1.430004394531250000e+04  1.993801171875000000e+04
9.000000000000000000e+01  -3.782074451446533203e+00  -4.759060287475585938e+01  5.148056411743164062e+01  2.968820000000000000e+05  1.503643554687500000e+04  1.404327832031250000e+04  1.953097265625000000e+04
8.900000000000000000e+01  1.616604232788085938e+01  -1.604106712341308594e+01  6.915008544921875000e+01  2.890780000000000000e+05  1.479465917968750000e+04  1.378720117187500000e+04  1.913806835937500000e+04
8.800000000000000000e+01  3.042668914794921875e+01  2.548397445678710938e+01  8.078726196289062500e+01  2.836050000000000000e+05  1.455874804687500000e+04  1.352732031250000000e+04  1.874846289062500000e+04
8.700000000000000000e+01  4.359201049804687500e+01  5.510588455200195312e+01  8.784398651123046875e+01  2.797140000000000000e+05  1.438053125000000000e+04  1.333599414062500000e+04  1.845746875000000000e+04
8.600000000000000000e+01  6.007677078247070312e+01  8.981649017333984375e+01  9.490639495849609375e+01  2.734940000000000000e+05  1.414420703125000000e+04  1.308727539062500000e+04  1.807536718750000000e+04
8.500000000000000000e+01  6.425411224365234375e+01  9.803968048095703125e+01  9.621726226806640625e+01  2.725230000000000000e+05  1.408510058593750000e+04  1.302556640625000000e+04  1.798081640625000000e+04
8.400000000000000000e+01  7.826582336425781250e+01  1.273463745117187500e+02  9.838871002197265625e+01  2.652340000000000000e+05  1.385144531250000000e+04  1.278371484375000000e+04  1.760852734375000000e+04
8.300000000000000000e+01  9.111341094970703125e+01  1.524454650878906250e+02  9.916290283203125000e+01  2.562800000000000000e+05  1.362051367187500000e+04  1.254769824218750000e+04  1.724247656250000000e+04
8.200000000000000000e+01  1.036993026733398438e+02  1.769088439941406250e+02  9.797664642333984375e+01  2.476140000000000000e+05  1.339202343750000000e+04  1.231586328125000000e+04  1.688490039062500000e+04
8.100000000000000000e+01  1.158441085815429688e+02  1.986347808837890625e+02  9.551889038085937500e+01  2.414250000000000000e+05  1.316612500000000000e+04  1.208854882812500000e+04  1.653547656250000000e+04
8.000000000000000000e+01  1.303428649902343750e+02  2.240661010742187500e+02  9.268457031250000000e+01  2.337720000000000000e+05  1.288669042968750000e+04  1.180979003906250000e+04  1.610696191406250000e+04
7.900000000000000000e+01  1.398600463867187500e+02  2.429882049560546875e+02  9.077725219726562500e+01  2.300740000000000000e+05  1.266846191406250000e+04  1.159200097656250000e+04  1.577210839843750000e+04
7.800000000000000000e+01  1.512949676513671875e+02  2.635079040527343750e+02  8.804723358154296875e+01  2.248060000000000000e+05  1.239882617187500000e+04  1.132641503906250000e+04  1.536220605468750000e+04
7.700000000000000000e+01  1.593907318115234375e+02  2.814299926757812500e+02  8.622460937500000000e+01  2.487750000000000000e+05  1.213575976562500000e+04  1.106657128906250000e+04  1.496244433593750000e+04
7.600000000000000000e+01  1.701312561035156250e+02  2.947615661621093750e+02  8.190586090087890625e+01  2.367270000000000000e+05  1.187555468750000000e+04  1.081432714843750000e+04  1.457508984375000000e+04
7.500000000000000000e+01  1.767958984375000000e+02  3.064125671386718750e+02  7.807839965820312500e+01  2.288700000000000000e+05  1.162215332031250000e+04  1.056918066406250000e+04  1.419731835937500000e+04
7.400000000000000000e+01  1.843701019287109375e+02  3.144637145996093750e+02  7.314608764648437500e+01  2.249820000000000000e+05  1.137170117187500000e+04  1.033169726562500000e+04  1.383116699218750000e+04
7.300000000000000000e+01  1.925568389892578125e+02  3.213485107421875000e+02  6.731056976318359375e+01  2.196000000000000000e+05  1.107854492187500000e+04  1.005472656250000000e+04  1.340425781250000000e+04
7.200000000000000000e+01  1.969076995849609375e+02  3.264542541503906250e+02  6.588489532470703125e+01  2.136260000000000000e+05  1.084025390625000000e+04  9.829166015625000000e+03  1.305561718750000000e+04
7.100000000000000000e+01  1.950531921386718750e+02  3.298055725097656250e+02  6.455089569091796875e+01  2.068960000000000000e+05  1.056730859375000000e+04  9.566239257812500000e+03  1.264877246093750000e+04
7.000000000000000000e+01  1.700420532226562500e+02  3.317199401855468750e+02  6.889864349365234375e+01  1.998790000000000000e+05  1.032340917968750000e+04  9.311431640625000000e+03  1.224917089843750000e+04
6.900000000000000000e+01  1.564411621093750000e+02  3.283746337890625000e+02  7.422689056396484375e+01  1.929320000000000000e+05  1.007339941406250000e+04  9.067382812500000000e+03  1.186123144531250000e+04
6.800000000000000000e+01  1.472601013183593750e+02  3.228447570800781250e+02  7.635585784912109375e+01  1.836210000000000000e+05  9.782993164062500000e+03  8.791455078125000000e+03  1.142804101562500000e+04
6.700000000000000000e+01  1.384990234375000000e+02  3.179589843750000000e+02  7.677960968017578125e+01  1.764040000000000000e+05  9.499842773437500000e+03  8.522810546875000000e+03  1.101246777343750000e+04
6.600000000000000000e+01  1.344474029541015625e+02  3.141822509765625000e+02  7.559666442871093750e+01  1.662800000000000000e+05  9.219472656250000000e+03  8.261357421875000000e+03  1.061532226562500000e+04
6.500000000000000000e+01  1.304487609863281250e+02  3.109216918945312500e+02  7.386962127685546875e+01  1.581160000000000000e+05  8.946497070312500000e+03  8.005347656250000000e+03  1.023231933593750000e+04
6.400000000000000000e+01  1.261173400878906250e+02  3.091590270996093750e+02  7.445860290527343750e+01  1.859720000000000000e+05  8.643400390625000000e+03  7.720175292968750000e+03  9.811233398437500000e+03
6.300000000000000000e+01  1.234436264038085938e+02  3.037945556640625000e+02  7.417149353027343750e+01  1.695490000000000000e+05  8.346268554687500000e+03  7.447393066406250000e+03  9.407741210937500000e+03
6.200000000000000000e+01  1.228748703002929688e+02  2.993040161132812500e+02  6.953835296630859375e+01  2.196870000000000000e+05  8.022501464843750000e+03  7.150827148437500000e+03  8.980736328125000000e+03
6.100000000000000000e+01  1.204037857055664062e+02  2.946739807128906250e+02  6.106748962402343750e+01  2.028650000000000000e+05  7.710913085937500000e+03  6.864684082031250000e+03  8.577809570312500000e+03
6.000000000000000000e+01  1.194051437377929688e+02  2.905077819824218750e+02  5.810501861572265625e+01  1.919610000000000000e+05  7.508782714843750000e+03  6.681165527343750000e+03  8.317850585937500000e+03
5.900000000000000000e+01  1.191510467529296875e+02  2.883605651855468750e+02  5.579892730712890625e+01  1.863640000000000000e+05  7.376144042968750000e+03  6.560184082031250000e+03  8.149516601562500000e+03
5.800000000000000000e+01  1.173922348022460938e+02  2.820425720214843750e+02  5.300431442260742188e+01  1.764440000000000000e+05  7.054765136718750000e+03  6.267821289062500000e+03  7.740335449218750000e+03
5.700000000000000000e+01  1.162320480346679688e+02  2.755322875976562500e+02  4.761492919921875000e+01  1.607510000000000000e+05  6.745893066406250000e+03  5.988197265625000000e+03  7.356631347656250000e+03
5.600000000000000000e+01  1.133998336791992188e+02  2.690567626953125000e+02  4.018729782104492188e+01  1.544390000000000000e+05  6.450368164062500000e+03  5.719518554687500000e+03  6.995166503906250000e+03
5.400000000000000000e+01  1.140565185546875000e+02  2.628891906738281250e+02  3.167214775085449219e+01  1.636780000000000000e+05  6.081140136718750000e+03  5.385813476562500000e+03  6.552798828125000000e+03
5.200000000000000000e+01  1.136512451171875000e+02  2.529701232910156250e+02  2.355723190307617188e+01  1.451430000000000000e+05  5.628395507812500000e+03  4.978373535156250000e+03  6.016430175781250000e+03
5.100000000000000000e+01  1.134419631958007812e+02  2.473868408203125000e+02  2.075907516479492188e+01  1.342250000000000000e+05  5.400943359375000000e+03  4.774860839843750000e+03  5.751277832031250000e+03
5.000000000000000000e+01  1.118128585815429688e+02  2.398968658447265625e+02  2.073900794982910156e+01  1.359730000000000000e+05  5.159198242187500000e+03  4.559816406250000000e+03  5.467712402343750000e+03
4.900000000000000000e+01  1.108013458251953125e+02  2.381966400146484375e+02  2.086932563781738281e+01  1.376190000000000000e+05  5.112570800781250000e+03  4.518177246093750000e+03  5.413085937500000000e+03
4.800000000000000000e+01  1.077026748657226562e+02  2.312772216796875000e+02  1.901791000366210938e+01  1.190720000000000000e+05  4.929654296875000000e+03  4.354921875000000000e+03  5.200726562500000000e+03
4.700000000000000000e+01  1.036393051147460938e+02  2.223063201904296875e+02  1.513137054443359375e+01  1.044990000000000000e+05  4.711189453125000000e+03  4.159966308593750000e+03  4.948854980468750000e+03
4.600000000000000000e+01  9.922307586669921875e+01  2.139977874755859375e+02  1.203925704956054688e+01  9.993600000000000000e+04  4.502083496093750000e+03  3.972644042968750000e+03  4.710162597656250000e+03
4.500000000000000000e+01  9.691658782958984375e+01  2.095832824707031250e+02  1.068962860107421875e+01  1.069310000000000000e+05  4.401339355468750000e+03  3.882513427734375000e+03  4.595195312500000000e+03
4.400000000000000000e+01  9.423790740966796875e+01  2.062802734375000000e+02  9.035223960876464844e+00  1.037610000000000000e+05  4.322238769531250000e+03  3.811182128906250000e+03  4.506016601562500000e+03
4.300000000000000000e+01  8.882610321044921875e+01  1.973046112060546875e+02  7.061353206634521484e+00  1.077450000000000000e+05  4.131063964843750000e+03  3.639832031250000000e+03  4.288545410156250000e+03
4.200000000000000000e+01  8.526129913330078125e+01  1.894047241210937500e+02  5.158307552337646484e+00  2.247550000000000000e+05  3.946921630859375000e+03  3.476172363281250000e+03  4.082080566406250000e+03
4.100000000000000000e+01  8.252243041992187500e+01  1.858774261474609375e+02  3.911932229995727539e+00  2.308100000000000000e+05  3.875752441406250000e+03  3.412609130859375000e+03  4.002681884765625000e+03
4.000000000000000000e+01  7.948105621337890625e+01  1.808332061767578125e+02  2.785340070724487305e+00  1.993750000000000000e+05  3.771133056640625000e+03  3.318921386718750000e+03  3.886448486328125000e+03
3.900000000000000000e+01  7.548885345458984375e+01  1.747113800048828125e+02  1.618418216705322266e+00  1.753560000000000000e+05  3.618859619140625000e+03  3.182980468750000000e+03  3.718856201171875000e+03
3.800000000000000000e+01  7.249441528320312500e+01  1.679747161865234375e+02  6.406172513961791992e-01  1.521290000000000000e+05  3.456071289062500000e+03  3.038228515625000000e+03  3.540405273437500000e+03
3.700000000000000000e+01  6.960842132568359375e+01  1.612117919921875000e+02  -9.535962939262390137e-01  1.838110000000000000e+05  3.300281494140625000e+03  2.899959960937500000e+03  3.370881591796875000e+03
3.600000000000000000e+01  6.760443878173828125e+01  1.553319702148437500e+02  -1.446244478225708008e+00  1.844810000000000000e+05  3.151158935546875000e+03  2.767686035156250000e+03  3.209708007812500000e+03
3.500000000000000000e+01  6.672908782958984375e+01  1.542328186035156250e+02  -1.386011600494384766e+00  1.922410000000000000e+05  3.122437988281250000e+03  2.742183593750000000e+03  3.178367431640625000e+03
3.400000000000000000e+01  6.433065795898437500e+01  1.483078918457031250e+02  -2.352173328399658203e+00  2.259980000000000000e+05  3.009190185546875000e+03  2.642138671875000000e+03  3.056453369140625000e+03
3.300000000000000000e+01  6.187968063354492188e+01  1.429422149658203125e+02  -3.107917785644531250e+00  1.947880000000000000e+05  2.886521728515625000e+03  2.532930908203125000e+03  2.924684570312500000e+03
3.200000000000000000e+01  6.105402755737304688e+01  1.410254669189453125e+02  -3.184396505355834961e+00  1.545060000000000000e+05  2.846747558593750000e+03  2.497709960937500000e+03  2.881887939453125000e+03
3.100000000000000000e+01  6.039032745361328125e+01  1.387557983398437500e+02  -1.883963823318481445e+00  1.267270000000000000e+05  2.755735107421875000e+03  2.417353759765625000e+03  2.785333740234375000e+03
3.000000000000000000e+01  5.752669143676757812e+01  1.337181091308593750e+02  -1.833722233772277832e+00  1.383540000000000000e+05  2.630884277343750000e+03  2.306436279296875000e+03  2.652907226562500000e+03
