1.190000000000000000e+02  7.040785312652587891e+00  2.853779792785644531e+01  -1.119398117065429688e+00  3.654990000000000000e+05  4.215412890625000000e+04  5.950933984375000000e+04  7.206562500000000000e+04
1.180000000000000000e+02  1.272669887542724609e+01  4.711413192749023438e+01  -1.543315887451171875e+00  3.637130000000000000e+05  4.177547656250000000e+04  5.894754687500000000e+04  7.141724218750000000e+04
1.170000000000000000e+02  1.727678680419921875e+01  6.523414611816406250e+01  -8.165423274040222168e-01  3.594650000000000000e+05  4.121608203125000000e+04  5.811867578125000000e+04  7.045599218750000000e+04
1.160000000000000000e+02  1.600800704956054688e+01  6.471387481689453125e+01  -2.388663768768310547e+00  3.550790000000000000e+05  4.066712109375000000e+04  5.730607812500000000e+04  6.950918750000000000e+04
1.150000000000000000e+02  1.637556648254394531e+01  5.895727157592773438e+01  -4.444672107696533203e+00  3.522300000000000000e+05  4.030595703125000000e+04  5.677316015625000000e+04  6.888478125000000000e+04
1.140000000000000000e+02  3.685983180999755859e+00  4.962330245971679688e+01  -2.732267379760742188e+00  3.487070000000000000e+05  3.977266406250000000e+04  5.598773437500000000e+04  6.795950781250000000e+04
1.130000000000000000e+02  -2.246448135375976562e+01  6.052365303039550781e+00  -4.811397075653076172e+00  3.456110000000000000e+05  3.925136328125000000e+04  5.522898828125000000e+04  6.704907812500000000e+04
1.120000000000000000e+02  -7.131909370422363281e+00  -6.009928131103515625e+01  8.643473386764526367e-01  3.414540000000000000e+05  3.872660156250000000e+04  5.448647656250000000e+04  6.614029687500000000e+04
1.110000000000000000e+02  2.167013931274414062e+01  -1.057983627319335938e+02  1.922895431518554688e+01  3.392480000000000000e+05  3.820371875000000000e+04  5.374648828125000000e+04  6.524225390625000000e+04
1.100000000000000000e+02  3.811131668090820312e+01  -1.300825042724609375e+02  3.116678810119628906e+01  3.367040000000000000e+05  3.785987109375000000e+04  5.325738671875000000e+04  6.465080859375000000e+04
1.090000000000000000e+02  6.087888717651367188e+01  -1.627323303222656250e+02  4.956586074829101562e+01  3.332820000000000000e+05  3.734887109375000000e+04  5.253136328125000000e+04  6.377427343750000000e+04
1.080000000000000000e+02  8.288117218017578125e+01  -1.910456390380859375e+02  6.866798400878906250e+01  3.308630000000000000e+05  3.684340625000000000e+04  5.181411718750000000e+04  6.290802734375000000e+04
1.070000000000000000e+02  1.013900527954101562e+02  -2.159760131835937500e+02  8.483753204345703125e+01  3.275870000000000000e+05  3.634553125000000000e+04  5.110605859375000000e+04  6.205615625000000000e+04
1.060000000000000000e+02  1.170945129394531250e+02  -2.377140045166015625e+02  1.011262054443359375e+02  3.251160000000000000e+05  3.585468359375000000e+04  5.040628125000000000e+04  6.121580468750000000e+04
1.050000000000000000e+02  1.323165435791015625e+02  -2.564938659667968750e+02  1.182599563598632812e+02  3.213820000000000000e+05  3.536894921875000000e+04  4.971499609375000000e+04  6.038488671875000000e+04
1.040000000000000000e+02  1.469512634277343750e+02  -2.722520446777343750e+02  1.361971740722656250e+02  3.177600000000000000e+05  3.489160937500000000e+04  4.903310546875000000e+04  5.956563671875000000e+04
1.030000000000000000e+02  1.615773925781250000e+02  -2.854045410156250000e+02  1.558701782226562500e+02  3.131890000000000000e+05  3.441942578125000000e+04  4.835837890625000000e+04  5.875531640625000000e+04
1.020000000000000000e+02  1.742294616699218750e+02  -2.940668029785156250e+02  1.718856353759765625e+02  3.097840000000000000e+05  3.395382421875000000e+04  4.769078515625000000e+04  5.795570312500000000e+04
1.010000000000000000e+02  1.878889160156250000e+02  -2.991102294921875000e+02  1.843940734863281250e+02  3.057410000000000000e+05  3.349337890625000000e+04  4.703220703125000000e+04  5.716930078125000000e+04
1.000000000000000000e+02  2.024966278076171875e+02  -2.990042419433593750e+02  2.048309020996093750e+02  3.032260000000000000e+05  3.289106640625000000e+04  4.616126953125000000e+04  5.613377734375000000e+04
9.900000000000000000e+01  2.076882324218750000e+02  -2.967768249511718750e+02  2.155328674316406250e+02  3.132900000000000000e+05  3.245026562500000000e+04  4.551767187500000000e+04  5.537323046875000000e+04
9.800000000000000000e+01  2.126783599853515625e+02  -2.919335632324218750e+02  2.241114959716796875e+02  3.137070000000000000e+05  3.201659765625000000e+04  4.487964843750000000e+04  5.462411718750000000e+04
9.700000000000000000e+01  2.103921813964843750e+02  -2.875909729003906250e+02  2.305471343994140625e+02  3.124310000000000000e+05  3.159308789062500000e+04  4.425247656250000000e+04  5.388784375000000000e+04
9.600000000000000000e+01  2.015491180419921875e+02  -2.878024597167968750e+02  2.391324615478515625e+02  3.100350000000000000e+05  3.104275390625000000e+04  4.343478515625000000e+04  5.291976953125000000e+04
9.500000000000000000e+01  1.985048065185546875e+02  -2.925875244140625000e+02  2.465889129638671875e+02  3.067760000000000000e+05  3.063402929687500000e+04  4.283601953125000000e+04  5.220308593750000000e+04
9.400000000000000000e+01  1.966417388916015625e+02  -2.955966796875000000e+02  2.526393585205078125e+02  3.033990000000000000e+05  3.009435937500000000e+04  4.205085546875000000e+04  5.126559765625000000e+04
9.300000000000000000e+01  1.990920562744140625e+02  -3.004171752929687500e+02  2.598119812011718750e+02  2.998230000000000000e+05  2.969199218750000000e+04  4.147329296875000000e+04  5.057112890625000000e+04
9.200000000000000000e+01  1.995236663818359375e+02  -3.078002319335937500e+02  2.683818664550781250e+02  2.946780000000000000e+05  2.916631640625000000e+04  4.071648828125000000e+04  4.965951171875000000e+04
9.100000000000000000e+01  1.979874267578125000e+02  -3.108473510742187500e+02  2.712584228515625000e+02  2.927650000000000000e+05  2.877962109375000000e+04  4.015534765625000000e+04  4.898938671875000000e+04
9.000000000000000000e+01  1.983641052246093750e+02  -3.168011779785156250e+02  2.771523132324218750e+02  2.908940000000000000e+05  2.826835742187500000e+04  3.942108984375000000e+04  4.810682031250000000e+04
8.900000000000000000e+01  2.001060638427734375e+02  -3.254351501464843750e+02  2.821522216796875000e+02  2.880200000000000000e+05  2.776461914062500000e+04  3.870263671875000000e+04  4.723907812500000000e+04
8.800000000000000000e+01  2.033466491699218750e+02  -3.233163757324218750e+02  2.848509521484375000e+02  3.023490000000000000e+05  2.726855078125000000e+04  3.798839062500000000e+04  4.638716015625000000e+04
8.700000000000000000e+01  2.057421112060546875e+02  -3.239190063476562500e+02  2.898567199707031250e+02  3.002640000000000000e+05  2.690154687500000000e+04  3.746416015625000000e+04  4.575612109375000000e+04
8.600000000000000000e+01  2.094075927734375000e+02  -3.268842773437500000e+02  2.946226501464843750e+02  3.120450000000000000e+05  2.641858398437500000e+04  3.677780078125000000e+04  4.492950390625000000e+04
8.500000000000000000e+01  2.099530639648437500e+02  -3.286519165039062500e+02  2.952233276367187500e+02  3.108780000000000000e+05  2.629904296875000000e+04  3.660853125000000000e+04  4.472506640625000000e+04
8.400000000000000000e+01  2.099491577148437500e+02  -3.336359558105468750e+02  2.948022155761718750e+02  3.071190000000000000e+05  2.583002148437500000e+04  3.594008203125000000e+04  4.391981640625000000e+04
8.300000000000000000e+01  2.071870574951171875e+02  -3.401005859375000000e+02  2.914639587402343750e+02  3.033470000000000000e+05  2.537001367187500000e+04  3.528317968750000000e+04  4.312917578125000000e+04
8.200000000000000000e+01  2.014384307861328125e+02  -3.436216125488281250e+02  2.841380615234375000e+02  2.991230000000000000e+05  2.492143359375000000e+04  3.463998437500000000e+04  4.235951562500000000e+04
8.100000000000000000e+01  1.933143005371093750e+02  -3.399391784667968750e+02  2.754186706542968750e+02  2.951760000000000000e+05  2.448396679687500000e+04  3.400129296875000000e+04  4.160457031250000000e+04
8.000000000000000000e+01  1.871824035644531250e+02  -3.314176330566406250e+02  2.697444458007812500e+02  2.881840000000000000e+05  2.394185546875000000e+04  3.321318750000000000e+04  4.067243750000000000e+04
7.900000000000000000e+01  1.843504180908203125e+02  -3.233319702148437500e+02  2.628014526367187500e+02  2.844440000000000000e+05  2.351564257812500000e+04  3.259653125000000000e+04  3.994346875000000000e+04
7.800000000000000000e+01  1.817843475341796875e+02  -3.167724304199218750e+02  2.562877197265625000e+02  2.781540000000000000e+05  2.299188867187500000e+04  3.184492187500000000e+04  3.904969921875000000e+04
7.700000000000000000e+01  1.811901855468750000e+02  -3.090873413085937500e+02  2.529606781005859375e+02  2.726440000000000000e+05  2.247609765625000000e+04  3.110982031250000000e+04  3.817180078125000000e+04
7.600000000000000000e+01  1.771380462646484375e+02  -3.029796142578125000e+02  2.473781890869140625e+02  2.647200000000000000e+05  2.197503906250000000e+04  3.039077148437500000e+04  3.731548046875000000e+04
7.500000000000000000e+01  1.744749755859375000e+02  -2.967540283203125000e+02  2.433796997070312500e+02  2.567220000000000000e+05  2.148357421875000000e+04  2.968669921875000000e+04  3.647659375000000000e+04
7.400000000000000000e+01  1.713566741943359375e+02  -2.882417907714843750e+02  2.392439117431640625e+02  2.756750000000000000e+05  2.100309960937500000e+04  2.900037890625000000e+04  3.565602734375000000e+04
7.300000000000000000e+01  1.703927001953125000e+02  -2.796334838867187500e+02  2.378321685791015625e+02  2.432690000000000000e+05  2.043705859375000000e+04  2.819635351562500000e+04  3.469439453125000000e+04
7.200000000000000000e+01  1.694932098388671875e+02  -2.753060302734375000e+02  2.305914154052734375e+02  2.629290000000000000e+05  1.997857812500000000e+04  2.754335156250000000e+04  3.391263671875000000e+04
7.100000000000000000e+01  1.693879547119140625e+02  -2.781080017089843750e+02  2.298920288085937500e+02  2.566060000000000000e+05  1.944169140625000000e+04  2.678868945312500000e+04  3.299476953125000000e+04
7.000000000000000000e+01  1.663985748291015625e+02  -2.738666992187500000e+02  2.318709564208984375e+02  2.489200000000000000e+05  1.891835546875000000e+04  2.605315039062500000e+04  3.210266601562500000e+04
6.900000000000000000e+01  1.583278961181640625e+02  -2.612438049316406250e+02  2.301903839111328125e+02  2.434810000000000000e+05  1.840899218750000000e+04  2.533352343750000000e+04  3.123515625000000000e+04
6.800000000000000000e+01  1.472092742919921875e+02  -2.408007049560546875e+02  2.152698822021484375e+02  2.351270000000000000e+05  1.783619726562500000e+04  2.451152539062500000e+04  3.025815039062500000e+04
6.700000000000000000e+01  1.385669708251953125e+02  -2.231064300537109375e+02  2.041341400146484375e+02  2.386410000000000000e+05  1.728020703125000000e+04  2.371563281250000000e+04  2.930501562500000000e+04
6.600000000000000000e+01  1.303938903808593750e+02  -2.089543762207031250e+02  1.956807861328125000e+02  2.296250000000000000e+05  1.674109960937500000e+04  2.294899218750000000e+04  2.837959179687500000e+04
6.500000000000000000e+01  1.276653137207031250e+02  -1.983582763671875000e+02  1.892524719238281250e+02  2.100160000000000000e+05  1.621306640625000000e+04  2.220828710937500000e+04  2.748296679687500000e+04
6.400000000000000000e+01  1.245184097290039062e+02  -1.882291412353515625e+02  1.838632965087890625e+02  2.141620000000000000e+05  1.562835449218750000e+04  2.139034765625000000e+04  2.649255468750000000e+04
6.300000000000000000e+01  1.257050933837890625e+02  -1.847652587890625000e+02  1.815731658935546875e+02  2.076940000000000000e+05  1.505978027343750000e+04  2.060448046875000000e+04  2.553505664062500000e+04
6.200000000000000000e+01  1.271265411376953125e+02  -1.814552001953125000e+02  1.761355895996093750e+02  2.121960000000000000e+05  1.444577832031250000e+04  1.975305078125000000e+04  2.449959765625000000e+04
6.100000000000000000e+01  1.303230743408203125e+02  -1.813146057128906250e+02  1.671958618164062500e+02  1.743150000000000000e+05  1.385372265625000000e+04  1.893805078125000000e+04  2.350564257812500000e+04
6.000000000000000000e+01  1.308565673828125000e+02  -1.776423645019531250e+02  1.579623107910156250e+02  1.670620000000000000e+05  1.347532519531250000e+04  1.841198632812500000e+04  2.286585937500000000e+04
5.900000000000000000e+01  1.312955169677734375e+02  -1.758349456787109375e+02  1.496714782714843750e+02  1.816290000000000000e+05  1.322844824218750000e+04  1.806886523437500000e+04  2.244973437500000000e+04
5.800000000000000000e+01  1.295751800537109375e+02  -1.730342102050781250e+02  1.365462951660156250e+02  2.207460000000000000e+05  1.262860644531250000e+04  1.724216015625000000e+04  2.144114648437500000e+04
5.700000000000000000e+01  1.278256607055664062e+02  -1.688341979980468750e+02  1.355959320068359375e+02  2.001720000000000000e+05  1.205246679687500000e+04  1.645529296875000000e+04  2.047230078125000000e+04
5.600000000000000000e+01  1.314870300292968750e+02  -1.592220458984375000e+02  1.320361480712890625e+02  1.851470000000000000e+05  1.150235058593750000e+04  1.570093457031250000e+04  1.954794531250000000e+04
5.400000000000000000e+01  1.358670959472656250e+02  -1.470676574707031250e+02  1.312623291015625000e+02  1.582040000000000000e+05  1.082375000000000000e+04  1.477013769531250000e+04  1.840213476562500000e+04
5.200000000000000000e+01  1.366564788818359375e+02  -1.406462249755859375e+02  1.273409194946289062e+02  1.619110000000000000e+05  9.998823242187500000e+03  1.364338964843750000e+04  1.700496093750000000e+04
5.100000000000000000e+01  1.366822357177734375e+02  -1.364089355468750000e+02  1.231027603149414062e+02  1.710550000000000000e+05  9.587401367187500000e+03  1.308083886718750000e+04  1.630932421875000000e+04
5.000000000000000000e+01  1.349056091308593750e+02  -1.312948913574218750e+02  1.206093902587890625e+02  2.070390000000000000e+05  9.151101562500000000e+03  1.248345312500000000e+04  1.556612402343750000e+04
4.900000000000000000e+01  1.353139953613281250e+02  -1.310515747070312500e+02  1.212690887451171875e+02  2.034630000000000000e+05  9.065956054687500000e+03  1.236692773437500000e+04  1.542168359375000000e+04
4.800000000000000000e+01  1.303508758544921875e+02  -1.251555862426757812e+02  1.176188049316406250e+02  1.780330000000000000e+05  8.735205078125000000e+03  1.191256640625000000e+04  1.485539257812500000e+04
4.700000000000000000e+01  1.299409790039062500e+02  -1.190744628906250000e+02  1.124073791503906250e+02  1.707370000000000000e+05  8.335447265625000000e+03  1.136641601562500000e+04  1.418000000000000000e+04
4.600000000000000000e+01  1.299174957275390625e+02  -1.131822280883789062e+02  1.057230834960937500e+02  1.435950000000000000e+05  7.952547363281250000e+03  1.084503906250000000e+04  1.353662500000000000e+04
4.500000000000000000e+01  1.293131256103515625e+02  -1.102013549804687500e+02  1.025536422729492188e+02  1.633610000000000000e+05  7.767775390625000000e+03  1.059319628906250000e+04  1.322534179687500000e+04
4.400000000000000000e+01  1.287110748291015625e+02  -1.081190414428710938e+02  1.005713729858398438e+02  1.495620000000000000e+05  7.623713867187500000e+03  1.039575878906250000e+04  1.298131347656250000e+04
4.300000000000000000e+01  1.278635253906250000e+02  -1.031791534423828125e+02  9.613928222656250000e+01  1.291080000000000000e+05  7.273885742187500000e+03  9.918699218750000000e+03  1.238991210937500000e+04
4.200000000000000000e+01  1.261600875854492188e+02  -9.725025939941406250e+01  9.118460845947265625e+01  2.025210000000000000e+05  6.939708984375000000e+03  9.462588867187500000e+03  1.182558886718750000e+04
4.100000000000000000e+01  1.245088195800781250e+02  -9.506674957275390625e+01  8.907408905029296875e+01  1.927050000000000000e+05  6.810969238281250000e+03  9.286176757812500000e+03  1.160693847656250000e+04
4.000000000000000000e+01  1.235210189819335938e+02  -9.207823944091796875e+01  8.709635925292968750e+01  1.735810000000000000e+05  6.621609863281250000e+03  9.027583984375000000e+03  1.128610742187500000e+04
3.900000000000000000e+01  1.204472427368164062e+02  -8.808921051025390625e+01  8.403186798095703125e+01  1.526770000000000000e+05  6.347695312500000000e+03  8.653421875000000000e+03  1.082046191406250000e+04
3.800000000000000000e+01  1.171636962890625000e+02  -8.445619964599609375e+01  8.175704956054687500e+01  1.357870000000000000e+05  6.057121582031250000e+03  8.256578125000000000e+03  1.032498242187500000e+04
3.700000000000000000e+01  1.135272827148437500e+02  -8.084429931640625000e+01  7.852724456787109375e+01  2.017760000000000000e+05  5.779645019531250000e+03  7.877019042968750000e+03  9.852880859375000000e+03
3.600000000000000000e+01  1.104981155395507812e+02  -7.741230010986328125e+01  7.533351135253906250e+01  1.630610000000000000e+05  5.514292480468750000e+03  7.515263671875000000e+03  9.401975585937500000e+03
3.500000000000000000e+01  1.095634231567382812e+02  -7.704859161376953125e+01  7.576937103271484375e+01  1.509680000000000000e+05  5.463165039062500000e+03  7.444873046875000000e+03  9.313956054687500000e+03
3.400000000000000000e+01  1.066836624145507812e+02  -7.423339080810546875e+01  7.334144592285156250e+01  1.309870000000000000e+05  5.261477050781250000e+03  7.169708496093750000e+03  8.970788085937500000e+03
3.300000000000000000e+01  1.035395965576171875e+02  -7.106422424316406250e+01  7.091017150878906250e+01  1.942890000000000000e+05  5.043844238281250000e+03  6.872025878906250000e+03  8.600085937500000000e+03
3.200000000000000000e+01  1.023643951416015625e+02  -6.967324066162109375e+01  7.036451721191406250e+01  1.626250000000000000e+05  4.973611816406250000e+03  6.775227539062500000e+03  8.480135742187500000e+03
3.100000000000000000e+01  9.948715209960937500e+01  -6.738728332519531250e+01  6.781781768798828125e+01  1.656920000000000000e+05  4.813120605468750000e+03  6.555490234375000000e+03  8.207198242187500000e+03
3.000000000000000000e+01  9.549274444580078125e+01  -6.378504180908203125e+01  6.492093658447265625e+01  1.338610000000000000e+05  4.592166015625000000e+03  6.253106933593750000e+03  7.830878417968750000e+03
2.900000000000000000e+01  9.186153411865234375e+01  -6.070171356201171875e+01  6.231787109375000000e+01  1.162540000000000000e+05  4.381924316406250000e+03  5.965184570312500000e+03  7.472366210937500000e+03
2.800000000000000000e+01  8.907791900634765625e+01  -5.801024246215820312e+01  6.011449432373046875e+01  1.711270000000000000e+05  4.200307617187500000e+03  5.717159667968750000e+03  7.162852539062500000e+03
