3.449140000000000000e+05
3.481890000000000000e+05
3.564270000000000000e+05
3.576970000000000000e+05
3.788220000000000000e+05
3.805560000000000000e+05
3.831460000000000000e+05
3.836120000000000000e+05
3.859160000000000000e+05
3.884920000000000000e+05
3.890300000000000000e+05
3.892950000000000000e+05
3.893730000000000000e+05
3.894860000000000000e+05
3.902540000000000000e+05
3.906690000000000000e+05
3.913470000000000000e+05
3.916040000000000000e+05
3.933010000000000000e+05
3.939170000000000000e+05
3.941020000000000000e+05
3.942170000000000000e+05
3.946640000000000000e+05
3.949420000000000000e+05
3.970620000000000000e+05
3.971480000000000000e+05
3.975410000000000000e+05
3.983100000000000000e+05
3.986220000000000000e+05
3.990830000000000000e+05
3.994740000000000000e+05
3.996480000000000000e+05
4.000040000000000000e+05
4.015670000000000000e+05
4.016630000000000000e+05
4.022030000000000000e+05
4.024230000000000000e+05
4.024790000000000000e+05
4.029630000000000000e+05
4.030320000000000000e+05
4.032730000000000000e+05
4.037040000000000000e+05
4.038440000000000000e+05
4.055720000000000000e+05
4.060000000000000000e+05
4.073720000000000000e+05
4.081520000000000000e+05
4.089160000000000000e+05
4.089540000000000000e+05
4.093950000000000000e+05
4.098510000000000000e+05
4.103040000000000000e+05
4.140310000000000000e+05
4.152580000000000000e+05
4.165460000000000000e+05
4.174200000000000000e+05
4.177090000000000000e+05
4.178120000000000000e+05
4.195100000000000000e+05
4.240020000000000000e+05
4.250900000000000000e+05
