2.307210551350601102e-02  2.341300250994391915e-02  1.494495812336393283e-04  1.105700283237311170e-04
2.488207757198688738e-02  2.449288308192068900e-02  1.643344719513335122e-04  1.227158238949117061e-04
2.276049197679319569e-02  2.502135935462479824e-02  2.295270646480219480e-04  3.358068453675206854e-04
1.679162375153109982e-02  1.642745327366247968e-02  1.273481914966718737e-04  6.145398302486437261e-05
2.022960397695045681e-02  2.041504699077912460e-02  1.368519780471024621e-04  1.838884409285062704e-04
1.980003972576913074e-02  2.019363524099789670e-02  7.847660805516619399e-05  1.153793890555116376e-04
1.657116807994037794e-02  1.632304729192948778e-02  1.104404238577898830e-04  1.008338076447287527e-04
2.340343920349506612e-02  2.301660522180181551e-02  1.405735728058035868e-04  1.083464553426157271e-04
2.452914437083061894e-02  2.275823549555532760e-02  7.620308913157630790e-05  9.446154179617506533e-05
2.421233065411441260e-02  2.440608715958873451e-02  3.563243817542077936e-05  3.474561454241618908e-05
2.104964954862702589e-02  2.052429819757251028e-02  1.206927972413976435e-04  1.701383716009719882e-04
2.255495683489201764e-02  2.239089201232193765e-02  8.129304677468457158e-05  5.252608881182151552e-05
2.158644321461935731e-02  2.303367903238928704e-02  9.776208353317700174e-05  9.364866884161557781e-05
2.124543791969118328e-02  2.145092868155360974e-02  8.602912264604498462e-05  7.796483158603850208e-05
2.919982325418599492e-02  2.866170729699758085e-02  2.416684263453231722e-04  2.068019045626446240e-04
2.407128273862256182e-02  2.349721833827320486e-02  1.280367227983224341e-04  1.698725024128007368e-04
2.069586403351122983e-02  2.031856163781850522e-02  1.593879564232332112e-04  1.574132477606233701e-04
2.615385439206369816e-02  2.608761444400659393e-02  1.322187850825204782e-04  2.902109061546914856e-04
1.912890951457798042e-02  1.898838669106280366e-02  1.856503841263598838e-04  1.137788479196322200e-04
2.513311464010743734e-02  2.560088473032852766e-02  1.159083184114520872e-04  8.246366282514188621e-05
1.609822067432477299e-02  1.578230121052979704e-02  5.881049842396453032e-05  1.541670449360758866e-04
2.102287917218289767e-02  2.116167301681076002e-02  8.580498310707253642e-05  1.181476800380613500e-04
2.062786755864824337e-02  2.069128636682786987e-02  1.865007305430672088e-04  1.132441575023014998e-04
1.878363025845267154e-02  1.883280726073499958e-02  5.905198504892124377e-05  8.872039985797004920e-05
2.284745226007606558e-02  2.240406774608997426e-02  1.031114338789336992e-04  9.667343296922018339e-05
2.415654242357946277e-02  2.344543368374703979e-02  1.687537326187913995e-04  1.472783662739594944e-04
2.534929572443600163e-02  2.522192100625210778e-02  1.783029109736183188e-04  1.605283250999433361e-04
2.405833990321157995e-02  2.391481626121070084e-02  6.333892606067608247e-05  5.303006014380715614e-05
1.932551112858124295e-02  1.979198209398741123e-02  1.054156084701206086e-04  6.308100950723008753e-05
2.253771308051776348e-02  2.258499212758273422e-02  2.016277341920419191e-04  2.161182670292393845e-04
2.093934791778459537e-02  2.116122056764822498e-02  7.294253548816067028e-05  1.285814645130695642e-04
2.053973483034809977e-02  2.098621637056352976e-02  2.931872817907186992e-05  2.310184423626709786e-05
2.049333668964757604e-02  2.096049697113250287e-02  9.292153993059864420e-05  1.076896847547108787e-04
1.778188712994675791e-02  1.797014856688975565e-02  1.766834374557776590e-05  2.591605207374000783e-05
1.923454901972151618e-02  1.919019836737604137e-02  2.144232935746085420e-04  1.330425121756999274e-04
2.261637235112814309e-02  2.119893756331125978e-02  1.089853937556108679e-04  1.401411370038354535e-04
2.446645904620765866e-02  2.434524569691009013e-02  2.902163803944993683e-05  6.294535683889274558e-05
2.441672580911446316e-02  2.395314992164472925e-02  1.175970582869064217e-04  1.640878100432647407e-04
2.083848031614665003e-02  2.084207698183219298e-02  1.269349302235152561e-04  5.312307592942898312e-05
2.569487502888436956e-02  2.560211853771091409e-02  1.404069319217019277e-04  1.444718074796506283e-04
2.363848357311194165e-02  2.356442083341366706e-02  9.269494502526331558e-05  6.185127917209012308e-05
2.342927380698721709e-02  2.430350700660666857e-02  1.443750466305657003e-04  2.116213517928508439e-04
2.449363504374500386e-02  2.450352268379547838e-02  1.396359476592421898e-04  1.917016432685602039e-04
2.278340211260946463e-02  2.228155792826498616e-02  8.183082278010245301e-05  1.254369130789411064e-04
2.232725377321527829e-02  2.214240927450910820e-02  9.905047799027704727e-05  1.250820794024161127e-04
1.980264899768496845e-02  2.056243822237112384e-02  1.080355404442227450e-04  1.330493598353473569e-04
3.119443260677233834e-02  3.037826702392863731e-02  1.183483236865241842e-04  7.388586063076913965e-05
2.197200326232102638e-02  1.990556463472903381e-02  1.778918130634424548e-04  2.290410044759852339e-04
2.460277058405426279e-02  2.370653580051990464e-02  1.947796257380128506e-04  1.289711089460373271e-04
2.083116920656451210e-02  2.105366779617825687e-02  2.463606981842840883e-04  2.036194046228600009e-04
2.437211978720688413e-02  2.473985659675742924e-02  2.211090164368522456e-04  1.694348509857399282e-04
1.779126106840290406e-02  1.882770784328878164e-02  2.058928000665824834e-04  9.746666889759598160e-05
2.595153340329393876e-02  2.616758189373894622e-02  1.340572905309093965e-04  1.467624193717017146e-04
2.132461433620638780e-02  2.177536603898957979e-02  1.483612699212080634e-04  1.334581498241531740e-04
2.275132186410534774e-02  2.143110426703346422e-02  2.793833868045169288e-04  2.000938497318481275e-04
2.017253120462328062e-02  2.111390264879588891e-02  6.995063085983909215e-05  1.482509665525013915e-04
2.154469788457868615e-02  2.147176636244397738e-02  1.499596295173127273e-04  1.450424064973940524e-04
1.980738551576539941e-02  2.037287673154760878e-02  1.108748689161557523e-04  1.210714017290525642e-04
2.012270788807946770e-02  2.101251522501556765e-02  1.086866779789771544e-04  1.431558186096991317e-04
2.502490423871604405e-02  2.494003013612412084e-02  1.412984656909184596e-04  9.620499633430129225e-05
2.203874399989217206e-02  2.218967389992534608e-02  1.574716587041580967e-04  1.297387975455381939e-04
