1.250000000000000000e+02  9.335154533386230469e+00  2.841455459594726562e+00  -2.371740531921386719e+01  3.738020000000000000e+05  6.454906640625000000e+04  1.975249804687500000e+04  7.514636718750000000e+04
1.240000000000000000e+02  1.003915691375732422e+01  7.531797289848327637e-01  -1.880519676208496094e+01  3.695400000000000000e+05  6.364114062500000000e+04  1.949638476562500000e+04  7.412446093750000000e+04
1.230000000000000000e+02  -1.099381256103515625e+01  -7.196037769317626953e-01  1.669288253784179688e+01  3.664700000000000000e+05  6.304994531250000000e+04  1.932857031250000000e+04  7.344008593750000000e+04
1.220000000000000000e+02  -5.853547668457031250e+01  -1.490080237388610840e+00  3.478435516357421875e+01  3.623090000000000000e+05  6.218100390625000000e+04  1.907932812500000000e+04  7.243800781250000000e+04
1.210000000000000000e+02  -8.260527038574218750e+01  -1.511272668838500977e+00  4.223572540283203125e+01  3.589660000000000000e+05  6.160545312500000000e+04  1.891518359375000000e+04  7.177860937500000000e+04
1.200000000000000000e+02  -1.079022674560546875e+02  -9.268759749829769135e-03  4.581547927856445312e+01  3.567520000000000000e+05  6.075045703125000000e+04  1.867293164062500000e+04  7.080310937500000000e+04
1.190000000000000000e+02  -1.227728347778320312e+02  -1.069139361381530762e+00  4.266962814331054688e+01  3.527690000000000000e+05  5.990578906250000000e+04  1.843516015625000000e+04  6.984559375000000000e+04
1.180000000000000000e+02  -1.325622406005859375e+02  -3.056082248687744141e+00  3.907168960571289062e+01  3.503260000000000000e+05  5.935016796875000000e+04  1.827972460937500000e+04  6.921436718750000000e+04
1.170000000000000000e+02  -1.468392944335937500e+02  -5.325373172760009766e+00  3.242967224121093750e+01  3.438720000000000000e+05  5.853142187500000000e+04  1.804830859375000000e+04  6.827900000000000000e+04
1.160000000000000000e+02  -1.559449920654296875e+02  -6.331278800964355469e+00  2.791613388061523438e+01  3.403940000000000000e+05  5.772355468750000000e+04  1.781824218750000000e+04  6.735479687500000000e+04
1.150000000000000000e+02  -1.613198089599609375e+02  -7.874042034149169922e+00  2.378335380554199219e+01  3.372440000000000000e+05  5.719278906250000000e+04  1.766659960937500000e+04  6.674665625000000000e+04
1.140000000000000000e+02  -1.657188873291015625e+02  -5.556899070739746094e+00  1.649241256713867188e+01  3.336340000000000000e+05  5.640582812500000000e+04  1.743973437500000000e+04  6.584429687500000000e+04
1.130000000000000000e+02  -1.630962066650390625e+02  -2.406757593154907227e+00  5.849066734313964844e+00  3.308550000000000000e+05  5.562950000000000000e+04  1.721521875000000000e+04  6.495692187500000000e+04
1.120000000000000000e+02  -1.525301666259765625e+02  1.155594825744628906e+00  -5.202786445617675781e+00  3.264030000000000000e+05  5.486134765625000000e+04  1.699239062500000000e+04  6.408301562500000000e+04
1.110000000000000000e+02  -1.319227294921875000e+02  4.440855503082275391e+00  -1.721178817749023438e+01  3.227320000000000000e+05  5.409992187500000000e+04  1.677169140625000000e+04  6.322181640625000000e+04
1.100000000000000000e+02  -1.125315551757812500e+02  6.437860488891601562e+00  -2.460965156555175781e+01  3.203190000000000000e+05  5.359642578125000000e+04  1.662644726562500000e+04  6.265382031250000000e+04
1.090000000000000000e+02  -7.023002624511718750e+01  1.041650867462158203e+01  -3.597333908081054688e+01  3.174650000000000000e+05  5.284471875000000000e+04  1.640955078125000000e+04  6.181240625000000000e+04
1.080000000000000000e+02  -1.608792877197265625e+01  1.408238697052001953e+01  -4.198160552978515625e+01  3.150440000000000000e+05  5.209914843750000000e+04  1.619498144531250000e+04  6.098035156250000000e+04
1.070000000000000000e+02  4.735599899291992188e+01  7.713568687438964844e+00  -2.177305221557617188e+01  3.121780000000000000e+05  5.135962109375000000e+04  1.598513769531250000e+04  6.015135156250000000e+04
1.060000000000000000e+02  9.508560180664062500e+01  -3.615502595901489258e+00  1.366455841064453125e+01  3.100710000000000000e+05  5.063480859375000000e+04  1.578214550781250000e+04  5.932715625000000000e+04
1.050000000000000000e+02  1.314239959716796875e+02  -1.727164268493652344e+01  4.663248443603515625e+01  3.058520000000000000e+05  4.992085156250000000e+04  1.558330371093750000e+04  5.851446875000000000e+04
1.040000000000000000e+02  1.659468994140625000e+02  -2.950164985656738281e+01  7.809442138671875000e+01  3.018180000000000000e+05  4.921898437500000000e+04  1.538759765625000000e+04  5.771204687500000000e+04
1.030000000000000000e+02  1.980244903564453125e+02  -4.068967437744140625e+01  1.061923980712890625e+02  2.970650000000000000e+05  4.852546875000000000e+04  1.519448828125000000e+04  5.691964453125000000e+04
1.020000000000000000e+02  2.246800079345703125e+02  -4.894380187988281250e+01  1.327866363525390625e+02  2.943100000000000000e+05  4.784363671875000000e+04  1.500250292968750000e+04  5.613898046875000000e+04
1.010000000000000000e+02  2.486180419921875000e+02  -5.462033081054687500e+01  1.583083496093750000e+02  2.908190000000000000e+05  4.717153515625000000e+04  1.481234082031250000e+04  5.537025000000000000e+04
1.000000000000000000e+02  2.679440612792968750e+02  -6.096991729736328125e+01  1.925540008544921875e+02  2.874450000000000000e+05  4.629089843750000000e+04  1.456225781250000000e+04  5.436176171875000000e+04
9.900000000000000000e+01  2.749888916015625000e+02  -6.716094207763671875e+01  2.109614562988281250e+02  2.846320000000000000e+05  4.564317187500000000e+04  1.437711230468750000e+04  5.361851953125000000e+04
9.800000000000000000e+01  2.817254943847656250e+02  -7.314422607421875000e+01  2.269210205078125000e+02  2.815910000000000000e+05  4.500426562500000000e+04  1.419437500000000000e+04  5.288591015625000000e+04
9.700000000000000000e+01  2.894566650390625000e+02  -7.657464599609375000e+01  2.436475219726562500e+02  2.792790000000000000e+05  4.437553906250000000e+04  1.401394433593750000e+04  5.216126953125000000e+04
9.600000000000000000e+01  3.074068298339843750e+02  -8.283697509765625000e+01  2.662482299804687500e+02  2.968650000000000000e+05  4.354238281250000000e+04  1.377640136718750000e+04  5.120816406250000000e+04
9.500000000000000000e+01  3.255247802734375000e+02  -8.516709136962890625e+01  2.794348144531250000e+02  2.992450000000000000e+05  4.292343359375000000e+04  1.359766015625000000e+04  5.050786328125000000e+04
9.400000000000000000e+01  3.419421997070312500e+02  -8.392756652832031250e+01  2.972331237792968750e+02  2.988020000000000000e+05  4.211808984375000000e+04  1.335849316406250000e+04  4.958774218750000000e+04
9.300000000000000000e+01  3.577809753417968750e+02  -8.552553558349609375e+01  3.069179382324218750e+02  2.952650000000000000e+05  4.152289062500000000e+04  1.318254101562500000e+04  4.891128125000000000e+04
9.200000000000000000e+01  3.752023925781250000e+02  -9.042382812500000000e+01  3.162762145996093750e+02  2.897070000000000000e+05  4.074325000000000000e+04  1.295427343750000000e+04  4.802624218750000000e+04
9.100000000000000000e+01  3.874993591308593750e+02  -9.333116912841796875e+01  3.215707397460937500e+02  2.871590000000000000e+05  4.016733203125000000e+04  1.278623242187500000e+04  4.737282812500000000e+04
9.000000000000000000e+01  3.992935485839843750e+02  -9.527710723876953125e+01  3.253123474121093750e+02  2.834230000000000000e+05  3.941766796875000000e+04  1.256612597656250000e+04  4.651678125000000000e+04
8.900000000000000000e+01  4.111423950195312500e+02  -1.040177154541015625e+02  3.301871948242187500e+02  2.899080000000000000e+05  3.868204687500000000e+04  1.235392578125000000e+04  4.567490234375000000e+04
8.800000000000000000e+01  4.196286315917968750e+02  -1.081373748779296875e+02  3.339231567382812500e+02  3.010130000000000000e+05  3.796191406250000000e+04  1.214170117187500000e+04  4.484813671875000000e+04
8.700000000000000000e+01  4.227890014648437500e+02  -1.106022033691406250e+02  3.339465332031250000e+02  2.981410000000000000e+05  3.743322265625000000e+04  1.198494628906250000e+04  4.423928515625000000e+04
8.600000000000000000e+01  4.254444580078125000e+02  -1.169665985107421875e+02  3.362713623046875000e+02  2.947010000000000000e+05  3.674117187500000000e+04  1.178043945312500000e+04  4.343746093750000000e+04
8.500000000000000000e+01  4.253345031738281250e+02  -1.187988510131835938e+02  3.360082397460937500e+02  2.936360000000000000e+05  3.657051562500000000e+04  1.173005761718750000e+04  4.323942187500000000e+04
8.400000000000000000e+01  4.244969787597656250e+02  -1.274908447265625000e+02  3.351815795898437500e+02  2.936440000000000000e+05  3.589532031250000000e+04  1.153227148437500000e+04  4.245754687500000000e+04
8.300000000000000000e+01  4.246636657714843750e+02  -1.359874114990234375e+02  3.337669067382812500e+02  2.880370000000000000e+05  3.522962500000000000e+04  1.133722851562500000e+04  4.168910546875000000e+04
8.200000000000000000e+01  4.255680236816406250e+02  -1.425709533691406250e+02  3.308666992187500000e+02  2.841200000000000000e+05  3.457588281250000000e+04  1.114443554687500000e+04  4.093690234375000000e+04
8.100000000000000000e+01  4.241475219726562500e+02  -1.489863891601562500e+02  3.270680541992187500e+02  2.816370000000000000e+05  3.393591406250000000e+04  1.095707812500000000e+04  4.019958984375000000e+04
8.000000000000000000e+01  4.240544128417968750e+02  -1.577352905273437500e+02  3.280074157714843750e+02  2.728890000000000000e+05  3.315005859375000000e+04  1.072638183593750000e+04  3.929100781250000000e+04
7.900000000000000000e+01  4.211002502441406250e+02  -1.614105682373046875e+02  3.274530334472656250e+02  2.687340000000000000e+05  3.253655664062500000e+04  1.054199707031250000e+04  3.858078515625000000e+04
7.800000000000000000e+01  4.204770507812500000e+02  -1.657377471923828125e+02  3.262868957519531250e+02  2.622980000000000000e+05  3.178212304687500000e+04  1.031746582031250000e+04  3.770837500000000000e+04
7.700000000000000000e+01  4.182575683593750000e+02  -1.730670166015625000e+02  3.267998962402343750e+02  2.559290000000000000e+05  3.104645507812500000e+04  1.009722949218750000e+04  3.685449609375000000e+04
7.600000000000000000e+01  4.167337341308593750e+02  -1.815016174316406250e+02  3.274901123046875000e+02  2.496410000000000000e+05  3.032586718750000000e+04  9.880596679687500000e+03  3.602080468750000000e+04
7.500000000000000000e+01  4.064476318359375000e+02  -1.884868927001953125e+02  3.242459106445312500e+02  2.418720000000000000e+05  2.962337500000000000e+04  9.668142578125000000e+03  3.520430468750000000e+04
7.400000000000000000e+01  4.013323669433593750e+02  -1.907918548583984375e+02  3.209019165039062500e+02  2.413840000000000000e+05  2.893447460937500000e+04  9.460360351562500000e+03  3.440553906250000000e+04
7.300000000000000000e+01  3.942839965820312500e+02  -1.883072357177734375e+02  3.153986511230468750e+02  2.345500000000000000e+05  2.813056250000000000e+04  9.213576171875000000e+03  3.347180078125000000e+04
7.200000000000000000e+01  3.899515075683593750e+02  -1.808674468994140625e+02  3.102537841796875000e+02  2.258260000000000000e+05  2.747656054687500000e+04  9.008771484375000000e+03  3.271061523437500000e+04
7.100000000000000000e+01  3.915159912109375000e+02  -1.827266845703125000e+02  3.038268432617187500e+02  2.327700000000000000e+05  2.670725000000000000e+04  8.779791015625000000e+03  3.182267382812500000e+04
7.000000000000000000e+01  3.877057495117187500e+02  -1.765368041992187500e+02  2.923995361328125000e+02  2.262600000000000000e+05  2.596545312500000000e+04  8.549215820312500000e+03  3.096227539062500000e+04
6.900000000000000000e+01  3.836175231933593750e+02  -1.649367523193359375e+02  2.815117187500000000e+02  2.184830000000000000e+05  2.524527148437500000e+04  8.318826171875000000e+03  3.012465820312500000e+04
6.800000000000000000e+01  3.862873535156250000e+02  -1.568639678955078125e+02  2.743291931152343750e+02  2.062610000000000000e+05  2.442367968750000000e+04  8.061896972656250000e+03  2.917173046875000000e+04
6.700000000000000000e+01  3.931776733398437500e+02  -1.648673248291015625e+02  2.727712707519531250e+02  1.940050000000000000e+05  2.362279296875000000e+04  7.827246093750000000e+03  2.824258203125000000e+04
6.600000000000000000e+01  3.930168762207031250e+02  -1.764138488769531250e+02  2.725219726562500000e+02  1.839900000000000000e+05  2.285345703125000000e+04  7.604785644531250000e+03  2.734109179687500000e+04
6.500000000000000000e+01  3.904619445800781250e+02  -1.864807434082031250e+02  2.695532226562500000e+02  1.742360000000000000e+05  2.211148632812500000e+04  7.386545410156250000e+03  2.646906640625000000e+04
6.400000000000000000e+01  3.846470642089843750e+02  -1.950195617675781250e+02  2.648956298828125000e+02  1.837470000000000000e+05  2.129516015625000000e+04  7.141200683593750000e+03  2.550621875000000000e+04
6.300000000000000000e+01  3.780986633300781250e+02  -2.002123870849609375e+02  2.601210021972656250e+02  1.850530000000000000e+05  2.050935351562500000e+04  6.901469238281250000e+03  2.457798242187500000e+04
6.200000000000000000e+01  3.694190673828125000e+02  -2.046049194335937500e+02  2.550378723144531250e+02  2.335520000000000000e+05  1.966217187500000000e+04  6.640069335937500000e+03  2.357280859375000000e+04
6.100000000000000000e+01  3.591240844726562500e+02  -2.080893554687500000e+02  2.479174957275390625e+02  2.159480000000000000e+05  1.884905859375000000e+04  6.386215820312500000e+03  2.260765429687500000e+04
6.000000000000000000e+01  3.509779968261718750e+02  -2.085059661865234375e+02  2.446162872314453125e+02  2.045170000000000000e+05  1.832666992187500000e+04  6.221198242187500000e+03  2.198540625000000000e+04
5.900000000000000000e+01  3.470813293457031250e+02  -2.094680786132812500e+02  2.415472259521484375e+02  1.963220000000000000e+05  1.798617187500000000e+04  6.113994628906250000e+03  2.158071875000000000e+04
5.800000000000000000e+01  3.352586975097656250e+02  -2.095959625244140625e+02  2.352806549072265625e+02  1.793070000000000000e+05  1.716214453125000000e+04  5.852390136718750000e+03  2.060045312500000000e+04
5.700000000000000000e+01  3.225417785644531250e+02  -2.101806640625000000e+02  2.282534027099609375e+02  1.601030000000000000e+05  1.637598730468750000e+04  5.601771484375000000e+03  1.966337500000000000e+04
5.600000000000000000e+01  3.094708862304687500e+02  -2.064576873779296875e+02  2.180786437988281250e+02  1.427610000000000000e+05  1.562426171875000000e+04  5.359643554687500000e+03  1.877042968750000000e+04
5.400000000000000000e+01  2.982514648437500000e+02  -2.019918670654296875e+02  2.049983673095703125e+02  1.265430000000000000e+05  1.469667773437500000e+04  5.059207519531250000e+03  1.767040039062500000e+04
5.200000000000000000e+01  2.744404602050781250e+02  -1.964046478271484375e+02  1.868202514648437500e+02  1.113670000000000000e+05  1.356826171875000000e+04  4.690086914062500000e+03  1.632683300781250000e+04
5.100000000000000000e+01  2.651489868164062500e+02  -1.881961822509765625e+02  1.819030761718750000e+02  1.011820000000000000e+05  1.300463183593750000e+04  4.504625976562500000e+03  1.565528027343750000e+04
5.000000000000000000e+01  2.569957275390625000e+02  -1.750762023925781250e+02  1.763752136230468750e+02  8.746500000000000000e+04  1.240505566406250000e+04  4.304186035156250000e+03  1.494447558593750000e+04
4.900000000000000000e+01  2.549053344726562500e+02  -1.716279144287109375e+02  1.755784759521484375e+02  8.576700000000000000e+04  1.228907226562500000e+04  4.265225097656250000e+03  1.480681445312500000e+04
4.800000000000000000e+01  2.472747192382812500e+02  -1.623115692138671875e+02  1.702033996582031250e+02  7.669000000000000000e+04  1.183497070312500000e+04  4.113916015625000000e+03  1.426664941406250000e+04
4.700000000000000000e+01  2.385686950683593750e+02  -1.537511901855468750e+02  1.644881134033203125e+02  6.659400000000000000e+04  1.128983886718750000e+04  3.932813232421875000e+03  1.361726171875000000e+04
4.600000000000000000e+01  2.294221801757812500e+02  -1.461203002929687500e+02  1.582401885986328125e+02  8.030800000000000000e+04  1.077052636718750000e+04  3.757972900390625000e+03  1.299759570312500000e+04
4.500000000000000000e+01  2.250049591064453125e+02  -1.437423248291015625e+02  1.552693023681640625e+02  7.568400000000000000e+04  1.051957226562500000e+04  3.673818847656250000e+03  1.269765917968750000e+04
4.400000000000000000e+01  2.216050872802734375e+02  -1.428647918701171875e+02  1.521298980712890625e+02  7.258700000000000000e+04  1.032316015625000000e+04  3.607951171875000000e+03  1.246329687500000000e+04
4.300000000000000000e+01  2.122405548095703125e+02  -1.393758087158203125e+02  1.460486907958984375e+02  6.530700000000000000e+04  9.848366210937500000e+03  3.447477294921875000e+03  1.189537792968750000e+04
4.200000000000000000e+01  2.044978485107421875e+02  -1.362217102050781250e+02  1.419172058105468750e+02  5.266700000000000000e+04  9.394908203125000000e+03  3.295025634765625000e+03  1.135116699218750000e+04
4.100000000000000000e+01  2.013577728271484375e+02  -1.355868530273437500e+02  1.399250488281250000e+02  5.000700000000000000e+04  9.219387695312500000e+03  3.235891601562500000e+03  1.114046484375000000e+04
4.000000000000000000e+01  1.975748901367187500e+02  -1.329498748779296875e+02  1.329512329101562500e+02  4.279800000000000000e+04  8.961432617187500000e+03  3.148267333984375000e+03  1.083605664062500000e+04
3.900000000000000000e+01  1.906918945312500000e+02  -1.306641998291015625e+02  1.280099792480468750e+02  3.529800000000000000e+04  8.588236328125000000e+03  3.022017822265625000e+03  1.039014257812500000e+04
3.800000000000000000e+01  1.837601928710937500e+02  -1.267246246337890625e+02  1.219450836181640625e+02  4.625300000000000000e+04  8.191579589843750000e+03  2.887196044921875000e+03  9.915778320312500000e+03
3.700000000000000000e+01  1.764411468505859375e+02  -1.230532684326171875e+02  1.165348739624023438e+02  6.708800000000000000e+04  7.813208496093750000e+03  2.758462646484375000e+03  9.462554687500000000e+03
3.600000000000000000e+01  1.699136962890625000e+02  -1.193113861083984375e+02  1.116287918090820312e+02  6.157100000000000000e+04  7.452381347656250000e+03  2.635147460937500000e+03  9.029120117187500000e+03
3.500000000000000000e+01  1.683977661132812500e+02  -1.186758193969726562e+02  1.105830307006835938e+02  5.526600000000000000e+04  7.382282226562500000e+03  2.611232421875000000e+03  8.944785156250000000e+03
3.400000000000000000e+01  1.628500823974609375e+02  -1.158277130126953125e+02  1.071825103759765625e+02  4.375300000000000000e+04  7.108591308593750000e+03  2.517304199218750000e+03  8.615044921875000000e+03
3.300000000000000000e+01  1.568463439941406250e+02  -1.122041473388671875e+02  1.036332550048828125e+02  4.229000000000000000e+04  6.812542968750000000e+03  2.415260253906250000e+03  8.258290039062500000e+03
3.200000000000000000e+01  1.544243011474609375e+02  -1.112374114990234375e+02  1.017811050415039062e+02  4.260100000000000000e+04  6.716728515625000000e+03  2.382328369140625000e+03  8.143233886718750000e+03
3.100000000000000000e+01  1.492873535156250000e+02  -1.084532470703125000e+02  9.895313262939453125e+01  3.782800000000000000e+04  6.499215332031250000e+03  2.306831787109375000e+03  7.879869140625000000e+03
3.000000000000000000e+01  1.443086700439453125e+02  -1.054972152709960938e+02  9.450814819335937500e+01  2.441900000000000000e+04  6.197978027343750000e+03  2.203969970703125000e+03  7.518715820312500000e+03
2.900000000000000000e+01  1.389675750732421875e+02  -1.021187896728515625e+02  9.043763732910156250e+01  1.771600000000000000e+04  5.912100097656250000e+03  2.105152587890625000e+03  7.173196777343750000e+03
2.800000000000000000e+01  1.313092651367187500e+02  -9.965362548828125000e+01  8.727191162109375000e+01  1.774700000000000000e+04  5.665739746093750000e+03  2.019239135742187500e+03  6.875810546875000000e+03
