1.803634763474445610e-02  1.787976007244813578e-02  1.382923119538772639e-04  1.199665755164838716e-04
2.006227816926580559e-02  1.986318942540375720e-02  1.296067043882578103e-04  9.675033978595061739e-05
2.205723486499443567e-02  2.241136311892224370e-02  1.264142570802671080e-04  1.114795792193769644e-04
2.480459324308777538e-02  2.457406714231494954e-02  1.031373193412364500e-04  2.956903746812622360e-04
1.845746062588689285e-02  1.892499689184541298e-02  1.253404500725737900e-04  1.042033861845192641e-04
1.715402242454001913e-02  1.717299957048947986e-02  1.890610960506913243e-04  1.894837581703754411e-04
1.739915752098304680e-02  1.635917121925627160e-02  1.738030420181326148e-04  1.689521258623779382e-04
1.793438051087471383e-02  1.785162346003638795e-02  8.209739946486889484e-05  8.773693619365303834e-05
1.919902935290806328e-02  1.928361187250278788e-02  1.856032416581135012e-04  2.204955492719239195e-04
2.265707674839728333e-02  2.172254337215113323e-02  1.603743977433267384e-04  2.044630377096962027e-04
2.031645032992496214e-02  2.061155840481358054e-02  1.772435754369603399e-04  1.251358496309463140e-04
2.109379853961068987e-02  2.267252410667402324e-02  3.038615697079094795e-04  2.470997265770273578e-04
2.312138764047060729e-02  2.331866866601635738e-02  1.383324856680612583e-04  1.522271583048989793e-04
1.504641934903202735e-02  1.455115308972365976e-02  1.177806324952747834e-04  1.222507807606734969e-04
1.815811660837488017e-02  1.818107866445358919e-02  2.334252154635702936e-04  1.514873001223356020e-04
1.778827289518261981e-02  1.787874189392648847e-02  2.023930505291039435e-04  9.608094077365545848e-05
1.955722721714236653e-02  1.943716082241918330e-02  1.172217029163540237e-04  1.362604209821013652e-04
1.857284569146496270e-02  1.895157384004798537e-02  1.527173466304118687e-04  3.651653334581759120e-05
1.607364892016011071e-02  1.652681083261768949e-02  3.813059071004173587e-05  5.830457259562995084e-05
2.140124048665296291e-02  2.087489666908193264e-02  6.416886066256420661e-05  1.046649652542200315e-04
1.951450776519620886e-02  1.943550866429244461e-02  2.191081571878059065e-04  1.893762524116262115e-04
1.972650263267226173e-02  2.054680408187433208e-02  7.810138419049391539e-05  7.303890297604247726e-05
2.803556386468605138e-02  2.706630163967460243e-02  5.621413188600612358e-04  5.567025179078228126e-04
1.700241758974771825e-02  1.704656678567054856e-02  5.116391568858943837e-05  1.007004204882392339e-04
1.667731612285447071e-02  1.657186048989993388e-02  1.967225419938446122e-04  2.305875906856445822e-04
1.933282418085425364e-02  1.952444528220205130e-02  3.444339634494868034e-04  3.961805248460180374e-04
2.120193491867462116e-02  2.148786532753951817e-02  8.591765721875548934e-05  1.119452093505698249e-04
2.073671215810429444e-02  2.059833666397729857e-02  1.198103436397304609e-04  1.702031279713704355e-04
2.182195165076852850e-02  2.243166159942707946e-02  1.847951455434495205e-04  2.032824386798770880e-04
1.965139145883462030e-02  1.987169610022566923e-02  5.212775488590534246e-05  6.073872642377741349e-05
1.992843384644127011e-02  1.988763819097853769e-02  1.438594612157874375e-04  1.257135325307394565e-04
2.190373326412763111e-02  2.121237593374236327e-02  1.047168955668225287e-04  1.160042924816663236e-04
1.727798109776218852e-02  1.754203537496890064e-02  9.420281129127308422e-05  7.237928808010154146e-05
