1.250000000000000000e+02  -1.750711250305175781e+01  3.383870315551757812e+01  -2.398109626770019531e+01  3.724480000000000000e+05  6.325250781250000000e+04  3.901915625000000000e+04  2.471516992187500000e+04
1.240000000000000000e+02  -1.943689584732055664e-01  7.244374084472656250e+01  -2.387093734741210938e+01  3.697220000000000000e+05  6.232436328125000000e+04  3.846175000000000000e+04  2.433263085937500000e+04
1.230000000000000000e+02  1.249559497833251953e+01  9.087223815917968750e+01  -1.899850273132324219e+01  3.682080000000000000e+05  6.171108203125000000e+04  3.809626953125000000e+04  2.407763671875000000e+04
1.220000000000000000e+02  3.386848068237304688e+01  1.050530242919921875e+02  -1.132982921600341797e+01  3.652890000000000000e+05  6.080117187500000000e+04  3.756177343750000000e+04  2.370128125000000000e+04
1.210000000000000000e+02  4.484460830688476562e+01  1.087622756958007812e+02  -4.209470272064208984e+00  3.629400000000000000e+05  6.020318359375000000e+04  3.721006640625000000e+04  2.345222851562500000e+04
1.200000000000000000e+02  6.062232589721679688e+01  1.138759841918945312e+02  5.401370048522949219e+00  3.607080000000000000e+05  5.931362109375000000e+04  3.668870312500000000e+04  2.308557226562500000e+04
1.190000000000000000e+02  7.137191009521484375e+01  1.090453643798828125e+02  1.560760688781738281e+01  3.579990000000000000e+05  5.843919531250000000e+04  3.617989062500000000e+04  2.272254101562500000e+04
1.180000000000000000e+02  7.686256408691406250e+01  1.017728576660156250e+02  2.162226295471191406e+01  3.553720000000000000e+05  5.786368359375000000e+04  3.584483593750000000e+04  2.248428125000000000e+04
1.170000000000000000e+02  7.996314239501953125e+01  8.276972961425781250e+01  2.992650032043457031e+01  3.520080000000000000e+05  5.701154687500000000e+04  3.535337500000000000e+04  2.213071484375000000e+04
1.160000000000000000e+02  7.899746704101562500e+01  5.506243896484375000e+01  3.783810424804687500e+01  3.480720000000000000e+05  5.617352343750000000e+04  3.487330468750000000e+04  2.178230859375000000e+04
1.150000000000000000e+02  7.256145477294921875e+01  3.126957702636718750e+01  4.065567779541015625e+01  3.451660000000000000e+05  5.562274609375000000e+04  3.455974218750000000e+04  2.155399414062500000e+04
1.140000000000000000e+02  5.660862731933593750e+01  -7.221605777740478516e+00  3.689634704589843750e+01  3.412030000000000000e+05  5.480756250000000000e+04  3.409573437500000000e+04  2.122023828125000000e+04
1.130000000000000000e+02  2.455252647399902344e+01  -4.609581375122070312e+01  2.603491210937500000e+01  3.385610000000000000e+05  5.401239843750000000e+04  3.363848046875000000e+04  2.089338281250000000e+04
1.120000000000000000e+02  -9.516171455383300781e+00  -6.727712249755859375e+01  -2.797645926475524902e-01  3.342640000000000000e+05  5.322648437500000000e+04  3.318129687500000000e+04  2.057886132812500000e+04
1.110000000000000000e+02  -4.693824386596679688e+01  -7.411854553222656250e+01  -2.516313171386718750e+01  3.316080000000000000e+05  5.245596875000000000e+04  3.272480078125000000e+04  2.026670703125000000e+04
1.100000000000000000e+02  -7.034241485595703125e+01  -7.272998046875000000e+01  -4.136542129516601562e+01  3.306100000000000000e+05  5.194920312500000000e+04  3.242080468750000000e+04  2.006041796875000000e+04
1.090000000000000000e+02  -1.087481918334960938e+02  -6.989634704589843750e+01  -5.900544357299804688e+01  3.281050000000000000e+05  5.120213671875000000e+04  3.197415820312500000e+04  1.975068554687500000e+04
1.080000000000000000e+02  -1.510576782226562500e+02  -6.079445266723632812e+01  -7.773255920410156250e+01  3.292530000000000000e+05  5.047491015625000000e+04  3.152968359375000000e+04  1.945061718750000000e+04
1.070000000000000000e+02  -1.833203430175781250e+02  -4.614269256591796875e+01  -1.029101028442382812e+02  3.262170000000000000e+05  4.975309375000000000e+04  3.108450390625000000e+04  1.916107812500000000e+04
1.060000000000000000e+02  -2.089864501953125000e+02  -2.993528366088867188e+01  -1.218657455444335938e+02  3.227750000000000000e+05  4.903396875000000000e+04  3.064856835937500000e+04  1.887295898437500000e+04
1.050000000000000000e+02  -2.258056030273437500e+02  -9.768590927124023438e+00  -1.402392883300781250e+02  3.191650000000000000e+05  4.832219140625000000e+04  3.021325976562500000e+04  1.859055664062500000e+04
1.040000000000000000e+02  -2.434084930419921875e+02  1.043393230438232422e+01  -1.562861938476562500e+02  3.149740000000000000e+05  4.762050000000000000e+04  2.978497656250000000e+04  1.831160351562500000e+04
1.030000000000000000e+02  -2.576806640625000000e+02  3.100385284423828125e+01  -1.709411163330078125e+02  3.107640000000000000e+05  4.692743750000000000e+04  2.936293164062500000e+04  1.803851367187500000e+04
1.020000000000000000e+02  -2.685758361816406250e+02  4.686565780639648438e+01  -1.850168914794921875e+02  3.076510000000000000e+05  4.624250781250000000e+04  2.894865625000000000e+04  1.776818554687500000e+04
1.010000000000000000e+02  -2.743987731933593750e+02  6.401943969726562500e+01  -1.961900482177734375e+02  3.027210000000000000e+05  4.556655078125000000e+04  2.853991406250000000e+04  1.750199804687500000e+04
1.000000000000000000e+02  -2.802209777832031250e+02  9.281080627441406250e+01  -2.098849487304687500e+02  3.001650000000000000e+05  4.467954687500000000e+04  2.799814648437500000e+04  1.715258398437500000e+04
9.900000000000000000e+01  -2.782135314941406250e+02  1.093822174072265625e+02  -2.176345977783203125e+02  2.965420000000000000e+05  4.402456250000000000e+04  2.760286132812500000e+04  1.689580468750000000e+04
9.800000000000000000e+01  -2.751174926757812500e+02  1.256550674438476562e+02  -2.263905944824218750e+02  2.937590000000000000e+05  4.337625390625000000e+04  2.721390820312500000e+04  1.664433203125000000e+04
9.700000000000000000e+01  -2.681715087890625000e+02  1.401939849853515625e+02  -2.359401245117187500e+02  2.911530000000000000e+05  4.273809375000000000e+04  2.682770312500000000e+04  1.639850195312500000e+04
9.600000000000000000e+01  -2.565950012207031250e+02  1.638167877197265625e+02  -2.408687896728515625e+02  2.873900000000000000e+05  4.190122265625000000e+04  2.631952343750000000e+04  1.607018750000000000e+04
9.500000000000000000e+01  -2.456195983886718750e+02  1.755365142822265625e+02  -2.427736511230468750e+02  2.837390000000000000e+05  4.128160546875000000e+04  2.594665820312500000e+04  1.582623339843750000e+04
9.400000000000000000e+01  -2.245604858398437500e+02  1.934713439941406250e+02  -2.461352233886718750e+02  2.800350000000000000e+05  4.046782812500000000e+04  2.545535156250000000e+04  1.550641699218750000e+04
9.300000000000000000e+01  -2.102307739257812500e+02  2.030528106689453125e+02  -2.504476318359375000e+02  3.470090000000000000e+05  3.987116406250000000e+04  2.509341992187500000e+04  1.527413769531250000e+04
9.200000000000000000e+01  -1.950842895507812500e+02  2.106979827880859375e+02  -2.567072143554687500e+02  3.440180000000000000e+05  3.908725390625000000e+04  2.461923046875000000e+04  1.496818261718750000e+04
9.100000000000000000e+01  -1.809723052978515625e+02  2.103463745117187500e+02  -2.617826538085937500e+02  3.414930000000000000e+05  3.850966796875000000e+04  2.427099414062500000e+04  1.474327343750000000e+04
9.000000000000000000e+01  -1.627550659179687500e+02  2.129259948730468750e+02  -2.657701416015625000e+02  3.380320000000000000e+05  3.775352343750000000e+04  2.381336718750000000e+04  1.444641992187500000e+04
8.900000000000000000e+01  -1.522857360839843750e+02  2.139078521728515625e+02  -2.735773925781250000e+02  3.343670000000000000e+05  3.700976562500000000e+04  2.336092578125000000e+04  1.415541406250000000e+04
8.800000000000000000e+01  -1.431078643798828125e+02  2.122510375976562500e+02  -2.800871276855468750e+02  3.307360000000000000e+05  3.628145703125000000e+04  2.291615625000000000e+04  1.386796386718750000e+04
8.700000000000000000e+01  -1.373700103759765625e+02  2.087887725830078125e+02  -2.846295776367187500e+02  3.313360000000000000e+05  3.574313281250000000e+04  2.258911132812500000e+04  1.365742675781250000e+04
8.600000000000000000e+01  -1.291135559082031250e+02  2.022451629638671875e+02  -2.903408203125000000e+02  3.265590000000000000e+05  3.503787500000000000e+04  2.216521679687500000e+04  1.338123046875000000e+04
8.500000000000000000e+01  -1.293666534423828125e+02  1.990393981933593750e+02  -2.921340942382812500e+02  3.263250000000000000e+05  3.486423046875000000e+04  2.206121289062500000e+04  1.331361914062500000e+04
8.400000000000000000e+01  -1.279528961181640625e+02  1.901956481933593750e+02  -2.956050109863281250e+02  3.229450000000000000e+05  3.417691406250000000e+04  2.164793164062500000e+04  1.304281640625000000e+04
8.300000000000000000e+01  -1.252291259765625000e+02  1.851877136230468750e+02  -2.965886840820312500e+02  3.180410000000000000e+05  3.350120312500000000e+04  2.123802343750000000e+04  1.277727734375000000e+04
8.200000000000000000e+01  -1.187913055419921875e+02  1.873437194824218750e+02  -2.933328857421875000e+02  3.114990000000000000e+05  3.284164843750000000e+04  2.083658398437500000e+04  1.251961132812500000e+04
8.100000000000000000e+01  -1.188507232666015625e+02  1.927220001220703125e+02  -2.915346374511718750e+02  3.058080000000000000e+05  3.219455468750000000e+04  2.044298046875000000e+04  1.226541113281250000e+04
8.000000000000000000e+01  -1.148786697387695312e+02  1.941373901367187500e+02  -2.930438537597656250e+02  3.022340000000000000e+05  3.139948242187500000e+04  1.995988867187500000e+04  1.195407910156250000e+04
7.900000000000000000e+01  -1.141736297607421875e+02  2.051532440185546875e+02  -2.900363464355468750e+02  2.970720000000000000e+05  3.078207421875000000e+04  1.957891015625000000e+04  1.171191210937500000e+04
7.800000000000000000e+01  -1.136528701782226562e+02  2.077538757324218750e+02  -2.903835754394531250e+02  2.905200000000000000e+05  3.002825781250000000e+04  1.912097656250000000e+04  1.141939843750000000e+04
7.700000000000000000e+01  -1.138207702636718750e+02  2.128390960693359375e+02  -2.935211791992187500e+02  2.839740000000000000e+05  2.929074414062500000e+04  1.866963476562500000e+04  1.113654199218750000e+04
7.600000000000000000e+01  -1.087389297485351562e+02  2.111835937500000000e+02  -2.917563781738281250e+02  2.772040000000000000e+05  2.856831250000000000e+04  1.823063476562500000e+04  1.085662500000000000e+04
7.500000000000000000e+01  -9.964451599121093750e+01  2.048533935546875000e+02  -2.922783203125000000e+02  2.635130000000000000e+05  2.786384570312500000e+04  1.780290820312500000e+04  1.058408593750000000e+04
7.400000000000000000e+01  -9.233356475830078125e+01  1.956649017333984375e+02  -2.894595031738281250e+02  2.670600000000000000e+05  2.717954687500000000e+04  1.738832031250000000e+04  1.031311816406250000e+04
7.300000000000000000e+01  -8.768069458007812500e+01  1.914297180175781250e+02  -2.901471862792968750e+02  2.576480000000000000e+05  2.638217968750000000e+04  1.690062695312500000e+04  9.999411132812500000e+03
7.200000000000000000e+01  -8.095657348632812500e+01  1.906124877929687500e+02  -2.907002258300781250e+02  2.513630000000000000e+05  2.573375976562500000e+04  1.650443164062500000e+04  9.744454101562500000e+03
7.100000000000000000e+01  -7.341304016113281250e+01  1.883641052246093750e+02  -2.874878845214843750e+02  2.711370000000000000e+05  2.497913085937500000e+04  1.604070507812500000e+04  9.447263671875000000e+03
7.000000000000000000e+01  -6.210313415527343750e+01  1.943148193359375000e+02  -2.858753051757812500e+02  2.836550000000000000e+05  2.424647656250000000e+04  1.558834863281250000e+04  9.159323242187500000e+03
6.900000000000000000e+01  -5.648003387451171875e+01  2.011316680908203125e+02  -2.844971008300781250e+02  2.808150000000000000e+05  2.353948632812500000e+04  1.514784375000000000e+04  8.880187500000000000e+03
6.800000000000000000e+01  -5.248298645019531250e+01  2.076289367675781250e+02  -2.802077636718750000e+02  2.674680000000000000e+05  2.274001171875000000e+04  1.464903515625000000e+04  8.566351562500000000e+03
6.700000000000000000e+01  -4.663777542114257812e+01  2.095114898681640625e+02  -2.732218322753906250e+02  2.543450000000000000e+05  2.196834960937500000e+04  1.416931933593750000e+04  8.263658203125000000e+03
6.600000000000000000e+01  -4.731894302368164062e+01  2.012512359619140625e+02  -2.676113891601562500e+02  2.409920000000000000e+05  2.122862695312500000e+04  1.371397167968750000e+04  7.975008789062500000e+03
6.500000000000000000e+01  -4.787490844726562500e+01  2.004372863769531250e+02  -2.577936401367187500e+02  2.285750000000000000e+05  2.051427929687500000e+04  1.326723535156250000e+04  7.694269531250000000e+03
6.400000000000000000e+01  -4.678865051269531250e+01  2.053493804931640625e+02  -2.461184692382812500e+02  2.183490000000000000e+05  1.972655859375000000e+04  1.276817187500000000e+04  7.384483886718750000e+03
6.300000000000000000e+01  -4.454524230957031250e+01  2.239089050292968750e+02  -2.373714294433593750e+02  2.051940000000000000e+05  1.896518945312500000e+04  1.227561816406250000e+04  7.089829101562500000e+03
6.200000000000000000e+01  -4.107496643066406250e+01  2.374247589111328125e+02  -2.287765045166015625e+02  1.919040000000000000e+05  1.814243359375000000e+04  1.175054687500000000e+04  6.771863769531250000e+03
6.100000000000000000e+01  -3.635008621215820312e+01  2.430821228027343750e+02  -2.195596771240234375e+02  1.873420000000000000e+05  1.735554296875000000e+04  1.125023730468750000e+04  6.468850585937500000e+03
6.000000000000000000e+01  -3.226110839843750000e+01  2.467468109130859375e+02  -2.128750000000000000e+02  2.437360000000000000e+05  1.685129101562500000e+04  1.092977636718750000e+04  6.275689453125000000e+03
5.900000000000000000e+01  -2.948467636108398438e+01  2.473494873046875000e+02  -2.087005920410156250e+02  2.341530000000000000e+05  1.652303710937500000e+04  1.072168359375000000e+04  6.150107421875000000e+03
5.800000000000000000e+01  -2.543336486816406250e+01  2.418365631103515625e+02  -2.017147521972656250e+02  2.132830000000000000e+05  1.573163085937500000e+04  1.021982714843750000e+04  5.850248046875000000e+03
5.700000000000000000e+01  -2.848148345947265625e+01  2.373500061035156250e+02  -1.926898498535156250e+02  1.978640000000000000e+05  1.498170214843750000e+04  9.740139648437500000e+03  5.562607421875000000e+03
5.600000000000000000e+01  -3.024372673034667969e+01  2.331716461181640625e+02  -1.876293029785156250e+02  1.833850000000000000e+05  1.426962011718750000e+04  9.284230468750000000e+03  5.293684570312500000e+03
5.400000000000000000e+01  -2.506692886352539062e+01  2.231005401611328125e+02  -1.848381347656250000e+02  1.785830000000000000e+05  1.338941308593750000e+04  8.727668945312500000e+03  4.969128417968750000e+03
5.200000000000000000e+01  -2.023499298095703125e+01  2.120207061767578125e+02  -1.763424072265625000e+02  2.019900000000000000e+05  1.232217187500000000e+04  8.047908691406250000e+03  4.572302246093750000e+03
5.100000000000000000e+01  -1.508308219909667969e+01  2.069412994384765625e+02  -1.689221038818359375e+02  1.811080000000000000e+05  1.179114550781250000e+04  7.709597656250000000e+03  4.372951660156250000e+03
5.000000000000000000e+01  -1.254831600189208984e+01  2.002564392089843750e+02  -1.615151977539062500e+02  1.699910000000000000e+05  1.123070996093750000e+04  7.350716308593750000e+03  4.163239257812500000e+03
4.900000000000000000e+01  -1.209414958953857422e+01  1.991287078857421875e+02  -1.593634948730468750e+02  1.653220000000000000e+05  1.112188476562500000e+04  7.281060546875000000e+03  4.121557617187500000e+03
4.800000000000000000e+01  -1.290847969055175781e+01  1.930306854248046875e+02  -1.552015686035156250e+02  1.502900000000000000e+05  1.069983496093750000e+04  7.009325195312500000e+03  3.964667724609375000e+03
4.700000000000000000e+01  -6.607600212097167969e+00  1.876529541015625000e+02  -1.475017547607421875e+02  1.334430000000000000e+05  1.018856152343750000e+04  6.683161132812500000e+03  3.774458496093750000e+03
4.600000000000000000e+01  -1.808056473731994629e+00  1.814304809570312500e+02  -1.392264251708984375e+02  1.214640000000000000e+05  9.702314453125000000e+03  6.371759765625000000e+03  3.592334716796875000e+03
4.500000000000000000e+01  1.291635394096374512e+00  1.785903625488281250e+02  -1.355956115722656250e+02  1.627100000000000000e+05  9.467780273437500000e+03  6.221025390625000000e+03  3.504995605468750000e+03
4.400000000000000000e+01  2.326660394668579102e+00  1.763835449218750000e+02  -1.319731445312500000e+02  1.555170000000000000e+05  9.285457031250000000e+03  6.102925292968750000e+03  3.437049560546875000e+03
4.300000000000000000e+01  7.048762321472167969e+00  1.706312255859375000e+02  -1.231803970336914062e+02  1.854110000000000000e+05  8.842964843750000000e+03  5.817315429687500000e+03  3.272093994140625000e+03
4.200000000000000000e+01  9.502870559692382812e+00  1.643110809326171875e+02  -1.159264755249023438e+02  1.653210000000000000e+05  8.424583007812500000e+03  5.545953613281250000e+03  3.116815429687500000e+03
4.100000000000000000e+01  9.926771163940429688e+00  1.623122711181640625e+02  -1.131479949951171875e+02  2.046370000000000000e+05  8.263164062500000000e+03  5.441069335937500000e+03  3.056478515625000000e+03
4.000000000000000000e+01  1.160418033599853516e+01  1.583803863525390625e+02  -1.091267852783203125e+02  1.887640000000000000e+05  8.026466796875000000e+03  5.287915527343750000e+03  2.968243164062500000e+03
3.900000000000000000e+01  1.300996494293212891e+01  1.527859191894531250e+02  -1.044260635375976562e+02  2.094850000000000000e+05  7.684326660156250000e+03  5.066330566406250000e+03  2.841273925781250000e+03
3.800000000000000000e+01  1.416007328033447266e+01  1.469276123046875000e+02  -9.875510406494140625e+01  4.191180000000000000e+05  7.321696777343750000e+03  4.831030761718750000e+03  2.706674560546875000e+03
3.700000000000000000e+01  1.601971244812011719e+01  1.414243774414062500e+02  -9.344803619384765625e+01  3.808470000000000000e+05  6.976168945312500000e+03  4.606523437500000000e+03  2.578160644531250000e+03
3.600000000000000000e+01  1.738853454589843750e+01  1.353785552978515625e+02  -8.830547332763671875e+01  2.789560000000000000e+05  6.647397460937500000e+03  4.392440917968750000e+03  2.456070800781250000e+03
3.500000000000000000e+01  1.772108840942382812e+01  1.343011016845703125e+02  -8.773284149169921875e+01  2.736780000000000000e+05  6.583630859375000000e+03  4.350960937500000000e+03  2.432636962890625000e+03
3.400000000000000000e+01  1.855193901062011719e+01  1.305050201416015625e+02  -8.545134735107421875e+01  2.804720000000000000e+05  6.334869140625000000e+03  4.188063476562500000e+03  2.340497802734375000e+03
3.300000000000000000e+01  1.871864700317382812e+01  1.256031265258789062e+02  -8.129284667968750000e+01  3.535750000000000000e+05  6.066109375000000000e+03  4.012859130859375000e+03  2.240891845703125000e+03
3.200000000000000000e+01  1.893583106994628906e+01  1.238496093750000000e+02  -8.034155273437500000e+01  3.182310000000000000e+05  5.979167480468750000e+03  3.955995605468750000e+03  2.208885253906250000e+03
3.100000000000000000e+01  1.913105583190917969e+01  1.199642486572265625e+02  -7.704286956787109375e+01  2.648330000000000000e+05  5.781241210937500000e+03  3.826728759765625000e+03  2.135389404296875000e+03
3.000000000000000000e+01  1.993864440917968750e+01  1.151008682250976562e+02  -7.397293090820312500e+01  3.632180000000000000e+05  5.509228027343750000e+03  3.649210693359375000e+03  2.035194702148437500e+03
2.900000000000000000e+01  2.001501274108886719e+01  1.107689971923828125e+02  -7.021238708496093750e+01  4.392950000000000000e+05  5.250887695312500000e+03  3.479230712890625000e+03  1.939159912109375000e+03
