1.220000000000000000e+02  -6.624687671661376953e+00  -7.431418895721435547e+00  1.000999355316162109e+01  3.849190000000000000e+05  1.029815332031250000e+04  8.240039062500000000e+04  4.151336914062500000e+03
1.210000000000000000e+02  8.378984451293945312e+00  9.241561889648437500e+00  -1.046903038024902344e+01  3.822980000000000000e+05  1.015869824218750000e+04  8.161727343750000000e+04  4.123005371093750000e+03
1.200000000000000000e+02  2.869608116149902344e+01  3.393292999267578125e+01  -2.883656120300292969e+01  3.800720000000000000e+05  9.952065429687500000e+03  8.045745312500000000e+04  4.077202392578125000e+03
1.190000000000000000e+02  3.603890609741210938e+01  4.498609542846679688e+01  -3.331180191040039062e+01  3.774000000000000000e+05  9.753903320312500000e+03  7.931712500000000000e+04  4.026464599609375000e+03
1.180000000000000000e+02  3.470197677612304688e+01  4.583784103393554688e+01  -3.077014350891113281e+01  3.752490000000000000e+05  9.625595703125000000e+03  7.856734375000000000e+04  3.990080322265625000e+03
1.170000000000000000e+02  2.259211921691894531e+01  3.519609832763671875e+01  -2.025515747070312500e+01  3.712440000000000000e+05  9.439989257812500000e+03  7.746012500000000000e+04  3.934622558593750000e+03
1.160000000000000000e+02  -7.820344448089599609e+00  -1.533495712280273438e+01  6.267493247985839844e+00  3.675030000000000000e+05  9.263937500000000000e+03  7.638564062500000000e+04  3.874002685546875000e+03
1.150000000000000000e+02  -3.735757827758789062e+01  -3.875579833984375000e+01  3.639674758911132812e+01  3.635310000000000000e+05  9.153449218750000000e+03  7.567457031250000000e+04  3.828217285156250000e+03
1.140000000000000000e+02  -7.016310119628906250e+01  -5.986930465698242188e+01  6.976383972167968750e+01  3.601560000000000000e+05  8.984885742187500000e+03  7.461385156250000000e+04  3.766060791015625000e+03
1.130000000000000000e+02  -9.726826477050781250e+01  -7.520349121093750000e+01  9.720632171630859375e+01  3.573850000000000000e+05  8.816902343750000000e+03  7.356532031250000000e+04  3.706587890625000000e+03
1.120000000000000000e+02  -1.207528686523437500e+02  -8.551610565185546875e+01  1.210023651123046875e+02  3.535740000000000000e+05  8.650333984375000000e+03  7.252978125000000000e+04  3.650114013671875000e+03
1.110000000000000000e+02  -1.416061706542968750e+02  -9.354715728759765625e+01  1.412137908935546875e+02  3.511840000000000000e+05  8.485608398437500000e+03  7.150813281250000000e+04  3.596708984375000000e+03
1.100000000000000000e+02  -1.546406707763671875e+02  -9.900949859619140625e+01  1.535761108398437500e+02  3.493890000000000000e+05  8.377630859375000000e+03  7.083443750000000000e+04  3.561588623046875000e+03
1.090000000000000000e+02  -1.738282623291015625e+02  -1.062234649658203125e+02  1.705982208251953125e+02  3.470610000000000000e+05  8.218342773437500000e+03  6.983621875000000000e+04  3.509143554687500000e+03
1.080000000000000000e+02  -1.902286529541015625e+02  -1.121993255615234375e+02  1.863595123291015625e+02  3.448340000000000000e+05  8.059547851562500000e+03  6.885192968750000000e+04  3.457468994140625000e+03
1.070000000000000000e+02  -2.057738037109375000e+02  -1.168445434570312500e+02  2.002418975830078125e+02  3.418350000000000000e+05  7.904222167968750000e+03  6.788207031250000000e+04  3.407205322265625000e+03
1.060000000000000000e+02  -2.201878662109375000e+02  -1.211125946044921875e+02  2.130225982666015625e+02  3.384820000000000000e+05  7.752018066406250000e+03  6.692488281250000000e+04  3.357812988281250000e+03
1.050000000000000000e+02  -2.331766662597656250e+02  -1.238165054321289062e+02  2.247908172607421875e+02  3.358190000000000000e+05  7.601711425781250000e+03  6.598095312500000000e+04  3.309455810546875000e+03
1.040000000000000000e+02  -2.449020690917968750e+02  -1.236794509887695312e+02  2.365631561279296875e+02  3.320900000000000000e+05  7.453611816406250000e+03  6.504874218750000000e+04  3.261155517578125000e+03
1.030000000000000000e+02  -2.558754730224609375e+02  -1.249826126098632812e+02  2.460233001708984375e+02  3.281450000000000000e+05  7.307408203125000000e+03  6.413121484375000000e+04  3.214799804687500000e+03
1.020000000000000000e+02  -2.641138305664062500e+02  -1.252638168334960938e+02  2.539100799560546875e+02  3.616780000000000000e+05  7.163378906250000000e+03  6.322463671875000000e+04  3.169304199218750000e+03
1.010000000000000000e+02  -2.733595581054687500e+02  -1.264170455932617188e+02  2.625229492187500000e+02  3.587450000000000000e+05  7.022222656250000000e+03  6.233127343750000000e+04  3.125069824218750000e+03
1.000000000000000000e+02  -2.843446655273437500e+02  -1.266558914184570312e+02  2.722112426757812500e+02  3.190680000000000000e+05  6.837295898437500000e+03  6.116042578125000000e+04  3.066106933593750000e+03
9.900000000000000000e+01  -2.924718322753906250e+02  -1.268955230712890625e+02  2.785859985351562500e+02  3.514270000000000000e+05  6.702566406250000000e+03  6.029694140625000000e+04  3.022543457031250000e+03
9.800000000000000000e+01  -2.997106323242187500e+02  -1.286835937500000000e+02  2.843399658203125000e+02  3.489840000000000000e+05  6.569758789062500000e+03  5.944644921875000000e+04  2.980088623046875000e+03
9.700000000000000000e+01  -3.067979125976562500e+02  -1.292494506835937500e+02  2.895450439453125000e+02  3.447250000000000000e+05  6.439572753906250000e+03  5.860614453125000000e+04  2.939157958984375000e+03
9.600000000000000000e+01  -3.122930297851562500e+02  -1.282064666748046875e+02  2.961385498046875000e+02  3.390840000000000000e+05  6.266341796875000000e+03  5.750459765625000000e+04  2.884473388671875000e+03
9.500000000000000000e+01  -3.170134582519531250e+02  -1.272255859375000000e+02  3.017460632324218750e+02  3.368430000000000000e+05  6.141292480468750000e+03  5.669227734375000000e+04  2.842468017578125000e+03
9.400000000000000000e+01  -3.194159240722656250e+02  -1.269505538940429688e+02  3.079444580078125000e+02  3.354440000000000000e+05  5.975382324218750000e+03  5.562823437500000000e+04  2.787550048828125000e+03
9.300000000000000000e+01  -3.238655700683593750e+02  -1.274196701049804688e+02  3.101489562988281250e+02  3.315340000000000000e+05  5.856097656250000000e+03  5.484400000000000000e+04  2.749946533203125000e+03
9.200000000000000000e+01  -3.299366455078125000e+02  -1.254670944213867188e+02  3.123954467773437500e+02  3.266190000000000000e+05  5.700541503906250000e+03  5.381260156250000000e+04  2.700878906250000000e+03
9.100000000000000000e+01  -3.331882629394531250e+02  -1.218454666137695312e+02  3.134629211425781250e+02  3.294990000000000000e+05  5.586258300781250000e+03  5.305144921875000000e+04  2.664977539062500000e+03
9.000000000000000000e+01  -3.344573364257812500e+02  -1.191083679199218750e+02  3.156065368652343750e+02  3.264250000000000000e+05  5.435532714843750000e+03  5.205379687500000000e+04  2.615378662109375000e+03
8.900000000000000000e+01  -3.351539001464843750e+02  -1.178893432617187500e+02  3.186564941406250000e+02  3.254210000000000000e+05  5.288872558593750000e+03  5.107657812500000000e+04  2.566911376953125000e+03
8.800000000000000000e+01  -3.365755920410156250e+02  -1.158782196044921875e+02  3.203097839355468750e+02  3.215690000000000000e+05  5.146279296875000000e+03  5.011739843750000000e+04  2.520419433593750000e+03
8.700000000000000000e+01  -3.387131652832031250e+02  -1.135201492309570312e+02  3.202280273437500000e+02  3.194740000000000000e+05  5.042882812500000000e+03  4.940917578125000000e+04  2.486445556640625000e+03
8.600000000000000000e+01  -3.407796325683593750e+02  -1.106017761230468750e+02  3.198364868164062500e+02  3.150970000000000000e+05  4.909551269531250000e+03  4.848035937500000000e+04  2.440695556640625000e+03
8.500000000000000000e+01  -3.404441528320312500e+02  -1.097451019287109375e+02  3.207338867187500000e+02  3.143810000000000000e+05  4.876053222656250000e+03  4.825034765625000000e+04  2.428708251953125000e+03
8.400000000000000000e+01  -3.391781311035156250e+02  -1.067259979248046875e+02  3.203461608886718750e+02  3.102880000000000000e+05  4.743680664062500000e+03  4.734351171875000000e+04  2.384608642578125000e+03
8.300000000000000000e+01  -3.357200927734375000e+02  -1.041150970458984375e+02  3.190753173828125000e+02  3.049660000000000000e+05  4.613610351562500000e+03  4.645212500000000000e+04  2.341326660156250000e+03
8.200000000000000000e+01  -3.339383239746093750e+02  -9.984526824951171875e+01  3.179895935058593750e+02  2.988510000000000000e+05  4.487722167968750000e+03  4.557833984375000000e+04  2.298635498046875000e+03
8.100000000000000000e+01  -3.333619689941406250e+02  -9.579959106445312500e+01  3.177887573242187500e+02  2.923910000000000000e+05  4.367949707031250000e+03  4.472310546875000000e+04  2.255740234375000000e+03
8.000000000000000000e+01  -3.339165039062500000e+02  -9.195021820068359375e+01  3.165599975585937500e+02  2.832210000000000000e+05  4.222804199218750000e+03  4.367508203125000000e+04  2.203894531250000000e+03
7.900000000000000000e+01  -3.339671936035156250e+02  -8.911401367187500000e+01  3.159936218261718750e+02  2.769690000000000000e+05  4.108613769531250000e+03  4.285519921875000000e+04  2.162904296875000000e+03
7.800000000000000000e+01  -3.322578125000000000e+02  -8.451184844970703125e+01  3.155133972167968750e+02  2.659520000000000000e+05  3.969581787109375000e+03  4.184957421875000000e+04  2.113768554687500000e+03
7.700000000000000000e+01  -3.305970153808593750e+02  -8.170938873291015625e+01  3.138098144531250000e+02  2.522660000000000000e+05  3.835921630859375000e+03  4.086998046875000000e+04  2.064726318359375000e+03
7.600000000000000000e+01  -3.305499267578125000e+02  -8.027511596679687500e+01  3.136719360351562500e+02  2.381310000000000000e+05  3.709658691406250000e+03  3.991516406250000000e+04  2.015925659179687500e+03
7.500000000000000000e+01  -3.319103698730468750e+02  -7.455662536621093750e+01  3.119722900390625000e+02  2.294970000000000000e+05  3.589491455078125000e+03  3.897664843750000000e+04  1.969696289062500000e+03
7.400000000000000000e+01  -3.296615600585937500e+02  -6.796833801269531250e+01  3.071742858886718750e+02  2.231900000000000000e+05  3.471238281250000000e+03  3.806063671875000000e+04  1.926054321289062500e+03
7.300000000000000000e+01  -3.279375610351562500e+02  -6.389406585693359375e+01  3.000079956054687500e+02  2.160660000000000000e+05  3.335067626953125000e+03  3.699082421875000000e+04  1.875948852539062500e+03
7.200000000000000000e+01  -3.253571777343750000e+02  -6.137285614013671875e+01  2.927148742675781250e+02  2.078990000000000000e+05  3.225958007812500000e+03  3.612149609375000000e+04  1.837002929687500000e+03
7.100000000000000000e+01  -3.230671691894531250e+02  -5.797809982299804688e+01  2.795783081054687500e+02  1.973260000000000000e+05  3.100288818359375000e+03  3.510616406250000000e+04  1.796155883789062500e+03
7.000000000000000000e+01  -3.142065734863281250e+02  -5.643201828002929688e+01  2.740036926269531250e+02  1.871330000000000000e+05  2.972385253906250000e+03  3.412281640625000000e+04  1.749198242187500000e+03
6.900000000000000000e+01  -2.989598083496093750e+02  -4.988646316528320312e+01  2.668428955078125000e+02  1.769830000000000000e+05  2.844699462890625000e+03  3.316232031250000000e+04  1.704272949218750000e+03
6.800000000000000000e+01  -2.826560974121093750e+02  -4.088848876953125000e+01  2.582976989746093750e+02  1.723530000000000000e+05  2.703908935546875000e+03  3.207513671875000000e+04  1.652914306640625000e+03
6.700000000000000000e+01  -2.690578308105468750e+02  -3.644268798828125000e+01  2.509847869873046875e+02  1.743560000000000000e+05  2.571611083984375000e+03  3.102735156250000000e+04  1.602149536132812500e+03
6.600000000000000000e+01  -2.587738037109375000e+02  -3.696678924560546875e+01  2.417407379150390625e+02  1.626380000000000000e+05  2.448743896484375000e+03  3.001785937500000000e+04  1.555428222656250000e+03
6.500000000000000000e+01  -2.521548004150390625e+02  -3.558659362792968750e+01  2.313783111572265625e+02  1.535330000000000000e+05  2.337331542968750000e+03  2.903990820312500000e+04  1.509363647460937500e+03
6.400000000000000000e+01  -2.452114715576171875e+02  -3.331896972656250000e+01  2.183741149902343750e+02  1.414610000000000000e+05  2.215588867187500000e+03  2.796039648437500000e+04  1.461102050781250000e+03
6.300000000000000000e+01  -2.349050292968750000e+02  -3.259733200073242188e+01  2.014960021972656250e+02  1.558580000000000000e+05  2.098475341796875000e+03  2.692271289062500000e+04  1.417892211914062500e+03
6.200000000000000000e+01  -2.275876159667968750e+02  -2.874281692504882812e+01  1.920054168701171875e+02  1.447700000000000000e+05  1.977583251953125000e+03  2.579866210937500000e+04  1.362631469726562500e+03
6.100000000000000000e+01  -2.250126495361328125e+02  -2.497021102905273438e+01  1.843134002685546875e+02  1.393520000000000000e+05  1.867670410156250000e+03  2.472033984375000000e+04  1.307300292968750000e+03
6.000000000000000000e+01  -2.194034729003906250e+02  -2.349257659912109375e+01  1.785768127441406250e+02  1.231950000000000000e+05  1.793714355468750000e+03  2.402719335937500000e+04  1.272914428710937500e+03
5.900000000000000000e+01  -2.176856689453125000e+02  -2.194303321838378906e+01  1.745262451171875000e+02  1.233160000000000000e+05  1.748593505859375000e+03  2.357560742187500000e+04  1.250617797851562500e+03
5.800000000000000000e+01  -2.132240295410156250e+02  -2.183963394165039062e+01  1.688687438964843750e+02  1.161720000000000000e+05  1.640868041992187500e+03  2.248582617187500000e+04  1.193304321289062500e+03
5.700000000000000000e+01  -2.063633270263671875e+02  -2.602524566650390625e+01  1.669707946777343750e+02  1.121960000000000000e+05  1.538920776367187500e+03  2.145150000000000000e+04  1.135896850585937500e+03
5.600000000000000000e+01  -2.007620849609375000e+02  -2.451455307006835938e+01  1.621769866943359375e+02  9.871100000000000000e+04  1.443567626953125000e+03  2.046186523437500000e+04  1.082665405273437500e+03
5.400000000000000000e+01  -1.943371124267578125e+02  -2.572506904602050781e+01  1.506359100341796875e+02  1.029770000000000000e+05  1.329207397460937500e+03  1.924266601562500000e+04  1.020549011230468750e+03
5.200000000000000000e+01  -1.878933258056640625e+02  -2.886157035827636719e+01  1.368898620605468750e+02  8.462600000000000000e+04  1.193868652343750000e+03  1.775695703125000000e+04  9.435482177734375000e+02
5.100000000000000000e+01  -1.872649383544921875e+02  -3.245634841918945312e+01  1.314218750000000000e+02  7.212400000000000000e+04  1.128835449218750000e+03  1.701910156250000000e+04  9.038327026367187500e+02
5.000000000000000000e+01  -1.825998077392578125e+02  -3.755339813232421875e+01  1.265164566040039062e+02  6.241100000000000000e+04  1.062990478515625000e+03  1.623729199218750000e+04  8.593579101562500000e+02
4.900000000000000000e+01  -1.815428466796875000e+02  -3.756228637695312500e+01  1.259265518188476562e+02  6.026300000000000000e+04  1.050416259765625000e+03  1.608449023437500000e+04  8.503526000976562500e+02
4.800000000000000000e+01  -1.764959259033203125e+02  -3.817837905883789062e+01  1.221874618530273438e+02  5.377200000000000000e+04  1.001207153320312500e+03  1.548731542968750000e+04  8.173240356445312500e+02
4.700000000000000000e+01  -1.703236236572265625e+02  -3.799539947509765625e+01  1.184519195556640625e+02  5.042400000000000000e+04  9.422087402343750000e+02  1.477190039062500000e+04  7.777543945312500000e+02
4.600000000000000000e+01  -1.657365722656250000e+02  -4.033319473266601562e+01  1.130571670532226562e+02  4.251500000000000000e+04  8.865614624023437500e+02  1.409060351562500000e+04  7.418869018554687500e+02
4.500000000000000000e+01  -1.628956451416015625e+02  -3.983492279052734375e+01  1.114857177734375000e+02  4.049900000000000000e+04  8.608153686523437500e+02  1.376102832031250000e+04  7.242854003906250000e+02
4.400000000000000000e+01  -1.587322540283203125e+02  -3.932801818847656250e+01  1.100323638916015625e+02  5.617300000000000000e+04  8.399844360351562500e+02  1.350304785156250000e+04  7.107232666015625000e+02
4.300000000000000000e+01  -1.493325958251953125e+02  -4.029133605957031250e+01  1.047002182006835938e+02  4.633500000000000000e+04  7.919671020507812500e+02  1.288123828125000000e+04  6.784953613281250000e+02
4.200000000000000000e+01  -1.407215423583984375e+02  -4.071548843383789062e+01  1.001578750610351562e+02  3.807000000000000000e+04  7.463810424804687500e+02  1.228661230468750000e+04  6.476904907226562500e+02
4.100000000000000000e+01  -1.381324920654296875e+02  -4.111826324462890625e+01  9.815248870849609375e+01  3.883200000000000000e+04  7.294609375000000000e+02  1.205694726562500000e+04  6.359419555664062500e+02
4.000000000000000000e+01  -1.339937133789062500e+02  -4.069176483154296875e+01  9.574720001220703125e+01  3.697300000000000000e+04  7.045149536132812500e+02  1.171926562500000000e+04  6.180392456054687500e+02
3.900000000000000000e+01  -1.285453033447265625e+02  -4.249848937988281250e+01  9.132023620605468750e+01  3.292300000000000000e+04  6.703208007812500000e+02  1.123324707031250000e+04  5.929808959960937500e+02
3.800000000000000000e+01  -1.225397567749023438e+02  -4.379224014282226562e+01  8.728713989257812500e+01  3.398200000000000000e+04  6.337288818359375000e+02  1.071642089843750000e+04  5.651913452148437500e+02
3.700000000000000000e+01  -1.193211593627929688e+02  -4.407799148559570312e+01  8.557598114013671875e+01  4.373800000000000000e+04  6.007943115234375000e+02  1.022208007812500000e+04  5.380050048828125000e+02
3.600000000000000000e+01  -1.161262512207031250e+02  -4.366454315185546875e+01  8.249652099609375000e+01  4.678600000000000000e+04  5.697578735351562500e+02  9.750069335937500000e+03  5.127879028320312500e+02
3.500000000000000000e+01  -1.157758941650390625e+02  -4.369999694824218750e+01  8.174063110351562500e+01  5.658100000000000000e+04  5.637404174804687500e+02  9.658368164062500000e+03  5.080881347656250000e+02
3.400000000000000000e+01  -1.132159347534179688e+02  -4.276639938354492188e+01  7.905941009521484375e+01  4.666200000000000000e+04  5.403218383789062500e+02  9.300031250000000000e+03  4.895101928710937500e+02
3.300000000000000000e+01  -1.094452819824218750e+02  -4.178147125244140625e+01  7.532686614990234375e+01  1.022660000000000000e+05  5.146154174804687500e+02  8.912559570312500000e+03  4.698416442871093750e+02
3.200000000000000000e+01  -1.079088973999023438e+02  -4.160958099365234375e+01  7.457872772216796875e+01  9.710400000000000000e+04  5.061100769042968750e+02  8.786964843750000000e+03  4.632511901855468750e+02
3.100000000000000000e+01  -1.046549072265625000e+02  -4.071548843383789062e+01  7.212074279785156250e+01  1.001380000000000000e+05  4.869660339355468750e+02  8.501026367187500000e+03  4.483443298339843750e+02
3.000000000000000000e+01  -1.001050720214843750e+02  -3.990428924560546875e+01  6.892720031738281250e+01  8.476700000000000000e+04  4.612561035156250000e+02  8.108037109375000000e+03  4.278219909667968750e+02
2.900000000000000000e+01  -9.640045166015625000e+01  -3.937024688720703125e+01  6.569686889648437500e+01  9.305000000000000000e+04  4.372939453125000000e+02  7.733635253906250000e+03  4.085562133789062500e+02
2.800000000000000000e+01  -9.290242767333984375e+01  -3.835214233398437500e+01  6.234488677978515625e+01  7.419100000000000000e+04  4.165676574707031250e+02  7.410783203125000000e+03  3.920460205078125000e+02
2.700000000000000000e+01  -8.848755645751953125e+01  -3.767239379882812500e+01  5.837601470947265625e+01  1.094250000000000000e+05  3.945669860839843750e+02  7.068216308593750000e+03  3.744420471191406250e+02
2.600000000000000000e+01  -8.512181854248046875e+01  -3.660065841674804688e+01  5.534667968750000000e+01  9.709200000000000000e+04  3.741723327636718750e+02  6.741796875000000000e+03  3.575344238281250000e+02
2.500000000000000000e+01  -8.164659881591796875e+01  -3.583260726928710938e+01  5.283100128173828125e+01  9.531600000000000000e+04  3.547446289062500000e+02  6.430239746093750000e+03  3.409908752441406250e+02
