1.190000000000000000e+02  1.632950401306152344e+01  -9.265874862670898438e+00  -7.886044979095458984e+00  3.692830000000000000e+05  7.949607031250000000e+04  1.870202929687500000e+04  6.356827734375000000e+04
1.180000000000000000e+02  4.314948272705078125e+01  -1.930728912353515625e+01  -9.241791725158691406e+00  3.662750000000000000e+05  7.872946093750000000e+04  1.853630273437500000e+04  6.297714453125000000e+04
1.170000000000000000e+02  6.702786254882812500e+01  -2.923712348937988281e+01  -5.532855033874511719e+00  3.620070000000000000e+05  7.759780468750000000e+04  1.829005664062500000e+04  6.210096875000000000e+04
1.160000000000000000e+02  7.856636047363281250e+01  -3.225025939941406250e+01  1.178935408592224121e+00  3.598570000000000000e+05  7.648458593750000000e+04  1.804337890625000000e+04  6.123505078125000000e+04
1.150000000000000000e+02  7.943762207031250000e+01  -3.212364959716796875e+01  6.017737865447998047e+00  3.575770000000000000e+05  7.575200000000000000e+04  1.788073046875000000e+04  6.066539453125000000e+04
1.140000000000000000e+02  6.571189117431640625e+01  -2.459899711608886719e+01  1.368711280822753906e+01  3.542010000000000000e+05  7.467109375000000000e+04  1.763717968750000000e+04  5.981954296875000000e+04
1.130000000000000000e+02  3.245999145507812500e+01  -4.439742088317871094e+00  2.332850074768066406e+01  3.521220000000000000e+05  7.361046875000000000e+04  1.739205468750000000e+04  5.898371875000000000e+04
1.120000000000000000e+02  -2.697431755065917969e+01  1.846133232116699219e+01  1.108201789855957031e+01  3.485570000000000000e+05  7.257426562500000000e+04  1.715044140625000000e+04  5.816597656250000000e+04
1.110000000000000000e+02  -7.118541717529296875e+01  2.369039344787597656e+01  -2.623140716552734375e+01  3.459160000000000000e+05  7.154959375000000000e+04  1.691778515625000000e+04  5.736781640625000000e+04
1.100000000000000000e+02  -9.302326202392578125e+01  2.195295143127441406e+01  -5.140909194946289062e+01  3.440270000000000000e+05  7.087238281250000000e+04  1.676592578125000000e+04  5.684282421875000000e+04
1.090000000000000000e+02  -1.175766983032226562e+02  1.681275177001953125e+01  -8.358535003662109375e+01  3.415420000000000000e+05  6.986653125000000000e+04  1.654259960937500000e+04  5.606110546875000000e+04
1.080000000000000000e+02  -1.371060943603515625e+02  1.197379398345947266e+01  -1.094288253784179688e+02  3.389110000000000000e+05  6.887383593750000000e+04  1.632085156250000000e+04  5.528778515625000000e+04
1.070000000000000000e+02  -1.492462158203125000e+02  7.732129573822021484e+00  -1.341707611083984375e+02  3.348550000000000000e+05  6.789397656250000000e+04  1.610297656250000000e+04  5.452800000000000000e+04
1.060000000000000000e+02  -1.589049072265625000e+02  1.839533895254135132e-01  -1.586660614013671875e+02  3.318520000000000000e+05  6.692696093750000000e+04  1.589109277343750000e+04  5.377837500000000000e+04
1.050000000000000000e+02  -1.652988281250000000e+02  -2.958682775497436523e+00  -1.793858032226562500e+02  3.281540000000000000e+05  6.597132031250000000e+04  1.567865136718750000e+04  5.303676562500000000e+04
1.040000000000000000e+02  -1.724847106933593750e+02  -5.930285453796386719e+00  -1.991415100097656250e+02  3.224850000000000000e+05  6.502971093750000000e+04  1.546835351562500000e+04  5.230550000000000000e+04
1.030000000000000000e+02  -1.808216705322265625e+02  -1.001990985870361328e+01  -2.144926910400390625e+02  3.194820000000000000e+05  6.410113671875000000e+04  1.526221093750000000e+04  5.158410937500000000e+04
1.020000000000000000e+02  -1.855409851074218750e+02  -1.374815750122070312e+01  -2.306669616699218750e+02  3.171050000000000000e+05  6.318541796875000000e+04  1.505877050781250000e+04  5.087320703125000000e+04
1.010000000000000000e+02  -1.923310241699218750e+02  -1.728582382202148438e+01  -2.433721923828125000e+02  3.147420000000000000e+05  6.228350390625000000e+04  1.485706738281250000e+04  5.017095312500000000e+04
1.000000000000000000e+02  -1.971697235107421875e+02  -2.430294036865234375e+01  -2.642120666503906250e+02  3.108870000000000000e+05  6.109936718750000000e+04  1.459385839843750000e+04  4.925179687500000000e+04
9.900000000000000000e+01  -2.030717163085937500e+02  -3.116156578063964844e+01  -2.759330139160156250e+02  3.065290000000000000e+05  6.022712500000000000e+04  1.440034863281250000e+04  4.856990625000000000e+04
9.800000000000000000e+01  -2.057075958251953125e+02  -3.268763351440429688e+01  -2.856814270019531250e+02  3.334040000000000000e+05  5.936640234375000000e+04  1.420534863281250000e+04  4.789703125000000000e+04
9.700000000000000000e+01  -2.105237579345703125e+02  -3.836070251464843750e+01  -2.980294494628906250e+02  3.301810000000000000e+05  5.851933593750000000e+04  1.401623632812500000e+04  4.723620312500000000e+04
9.600000000000000000e+01  -2.163699188232421875e+02  -4.779603576660156250e+01  -3.070129089355468750e+02  3.281180000000000000e+05  5.740947656250000000e+04  1.377064257812500000e+04  4.636513671875000000e+04
9.500000000000000000e+01  -2.187397613525390625e+02  -5.192547988891601562e+01  -3.143302917480468750e+02  3.248270000000000000e+05  5.659051562500000000e+04  1.358571972656250000e+04  4.572222265625000000e+04
9.400000000000000000e+01  -2.211402893066406250e+02  -6.080525588989257812e+01  -3.225162658691406250e+02  3.215650000000000000e+05  5.551591796875000000e+04  1.334543066406250000e+04  4.487956250000000000e+04
9.300000000000000000e+01  -2.217830963134765625e+02  -6.603829956054687500e+01  -3.270516052246093750e+02  3.180550000000000000e+05  5.472442968750000000e+04  1.316807910156250000e+04  4.425628906250000000e+04
9.200000000000000000e+01  -2.225321655273437500e+02  -7.352603912353515625e+01  -3.363602600097656250e+02  3.124900000000000000e+05  5.368501562500000000e+04  1.293518554687500000e+04  4.343940234375000000e+04
9.100000000000000000e+01  -2.247424774169921875e+02  -7.869300842285156250e+01  -3.455189514160156250e+02  3.092310000000000000e+05  5.291799218750000000e+04  1.276223242187500000e+04  4.283976562500000000e+04
9.000000000000000000e+01  -2.224770812988281250e+02  -8.029940032958984375e+01  -3.519187316894531250e+02  3.039310000000000000e+05  5.190845312500000000e+04  1.253056933593750000e+04  4.205034765625000000e+04
8.900000000000000000e+01  -2.190289306640625000e+02  -8.715547943115234375e+01  -3.545178527832031250e+02  2.966490000000000000e+05  5.092000781250000000e+04  1.230759375000000000e+04  4.127158984375000000e+04
8.800000000000000000e+01  -2.192337341308593750e+02  -9.492362213134765625e+01  -3.557772827148437500e+02  2.928350000000000000e+05  4.995223828125000000e+04  1.209099023437500000e+04  4.050471484375000000e+04
8.700000000000000000e+01  -2.169302673339843750e+02  -9.937208557128906250e+01  -3.638669738769531250e+02  2.886830000000000000e+05  4.923657031250000000e+04  1.192859082031250000e+04  3.994565625000000000e+04
8.600000000000000000e+01  -2.132818908691406250e+02  -1.051531906127929688e+02  -3.636091918945312500e+02  2.844010000000000000e+05  4.829810546875000000e+04  1.171529003906250000e+04  3.920248437500000000e+04
8.500000000000000000e+01  -2.125339050292968750e+02  -1.077365493774414062e+02  -3.643168334960937500e+02  2.833290000000000000e+05  4.806695312500000000e+04  1.166353808593750000e+04  3.901884375000000000e+04
8.400000000000000000e+01  -2.096356811523437500e+02  -1.143463668823242188e+02  -3.700981445312500000e+02  2.796960000000000000e+05  4.715066015625000000e+04  1.145418847656250000e+04  3.829878515625000000e+04
8.300000000000000000e+01  -2.057373809814453125e+02  -1.172946472167968750e+02  -3.722798156738281250e+02  2.733920000000000000e+05  4.625032812500000000e+04  1.124556054687500000e+04  3.758824218750000000e+04
8.200000000000000000e+01  -2.023779907226562500e+02  -1.247252273559570312e+02  -3.784430541992187500e+02  2.672500000000000000e+05  4.536913671875000000e+04  1.104543652343750000e+04  3.689516796875000000e+04
8.100000000000000000e+01  -1.962758483886718750e+02  -1.329129180908203125e+02  -3.791397399902343750e+02  2.626910000000000000e+05  4.450827343750000000e+04  1.084995214843750000e+04  3.621007031250000000e+04
8.000000000000000000e+01  -1.957205200195312500e+02  -1.414650726318359375e+02  -3.920622253417968750e+02  2.613640000000000000e+05  4.345855859375000000e+04  1.060884082031250000e+04  3.537619531250000000e+04
7.900000000000000000e+01  -1.954230499267578125e+02  -1.459633178710937500e+02  -3.967167968750000000e+02  2.558680000000000000e+05  4.263624609375000000e+04  1.041917382812500000e+04  3.472045703125000000e+04
7.800000000000000000e+01  -1.880285034179687500e+02  -1.439145202636718750e+02  -4.062222595214843750e+02  2.465050000000000000e+05  4.162578515625000000e+04  1.018115039062500000e+04  3.392262109375000000e+04
7.700000000000000000e+01  -1.859842987060546875e+02  -1.406332092285156250e+02  -4.050708007812500000e+02  2.393940000000000000e+05  4.064323437500000000e+04  9.949308593750000000e+03  3.313553906250000000e+04
7.600000000000000000e+01  -1.808224334716796875e+02  -1.417180175781250000e+02  -4.096154785156250000e+02  2.328650000000000000e+05  3.968419531250000000e+04  9.726735351562500000e+03  3.237408984375000000e+04
7.500000000000000000e+01  -1.741674652099609375e+02  -1.357208404541015625e+02  -4.044858398437500000e+02  2.270720000000000000e+05  3.874346093750000000e+04  9.503653320312500000e+03  3.162088085937500000e+04
7.400000000000000000e+01  -1.651968688964843750e+02  -1.303035278320312500e+02  -4.006988525390625000e+02  2.307690000000000000e+05  3.782439062500000000e+04  9.285451171875000000e+03  3.088829296875000000e+04
7.300000000000000000e+01  -1.499852905273437500e+02  -1.233025741577148438e+02  -3.984643554687500000e+02  2.234060000000000000e+05  3.674920312500000000e+04  9.028844726562500000e+03  3.002878320312500000e+04
7.200000000000000000e+01  -1.433864440917968750e+02  -1.291251983642578125e+02  -4.031079101562500000e+02  2.159300000000000000e+05  3.588146875000000000e+04  8.829346679687500000e+03  2.933044531250000000e+04
7.100000000000000000e+01  -1.398245391845703125e+02  -1.332072601318359375e+02  -4.120817565917968750e+02  2.079350000000000000e+05  3.486723828125000000e+04  8.593071289062500000e+03  2.852165234375000000e+04
7.000000000000000000e+01  -1.391693572998046875e+02  -1.365185852050781250e+02  -4.168987121582031250e+02  2.053890000000000000e+05  3.388457812500000000e+04  8.362910156250000000e+03  2.773454492187500000e+04
6.900000000000000000e+01  -1.277177505493164062e+02  -1.293699645996093750e+02  -4.161918029785156250e+02  1.968810000000000000e+05  3.291992968750000000e+04  8.129840820312500000e+03  2.696799609375000000e+04
6.800000000000000000e+01  -1.217006454467773438e+02  -1.277404861450195312e+02  -4.145869445800781250e+02  1.873820000000000000e+05  3.183500976562500000e+04  7.870271484375000000e+03  2.609499414062500000e+04
6.700000000000000000e+01  -1.231134262084960938e+02  -1.325678405761718750e+02  -4.120820312500000000e+02  1.806930000000000000e+05  3.079157031250000000e+04  7.625222656250000000e+03  2.525230859375000000e+04
6.600000000000000000e+01  -1.234440307617187500e+02  -1.357649993896484375e+02  -4.106648254394531250e+02  1.694470000000000000e+05  2.978459765625000000e+04  7.390105957031250000e+03  2.444837109375000000e+04
6.500000000000000000e+01  -1.130879974365234375e+02  -1.356952209472656250e+02  -4.126943664550781250e+02  1.606890000000000000e+05  2.880296875000000000e+04  7.157422851562500000e+03  2.366878906250000000e+04
6.400000000000000000e+01  -9.884208679199218750e+01  -1.331300811767578125e+02  -4.109774475097656250e+02  1.632680000000000000e+05  2.771673632812500000e+04  6.896454101562500000e+03  2.280769531250000000e+04
6.300000000000000000e+01  -8.833355712890625000e+01  -1.299201354980468750e+02  -4.092938232421875000e+02  1.539650000000000000e+05  2.667360156250000000e+04  6.643959960937500000e+03  2.197506835937500000e+04
6.200000000000000000e+01  -8.361843872070312500e+01  -1.325160064697265625e+02  -4.032823181152343750e+02  1.539710000000000000e+05  2.555374023437500000e+04  6.375315917968750000e+03  2.107449609375000000e+04
6.100000000000000000e+01  -7.891851043701171875e+01  -1.375697326660156250e+02  -3.855684204101562500e+02  1.712000000000000000e+05  2.448205859375000000e+04  6.122539062500000000e+03  2.019983984375000000e+04
6.000000000000000000e+01  -8.051156616210937500e+01  -1.379209442138671875e+02  -3.778234863281250000e+02  2.307400000000000000e+05  2.379714453125000000e+04  5.956664062500000000e+03  1.963880468750000000e+04
5.800000000000000000e+01  -7.785211181640625000e+01  -1.339131774902343750e+02  -3.642404479980468750e+02  2.191140000000000000e+05  2.226699414062500000e+04  5.581093750000000000e+03  1.839421484375000000e+04
5.700000000000000000e+01  -6.320734405517578125e+01  -1.305543365478515625e+02  -3.568623962402343750e+02  2.039660000000000000e+05  2.122281835937500000e+04  5.328812011718750000e+03  1.755784960937500000e+04
5.600000000000000000e+01  -5.115957641601562500e+01  -1.276438217163085938e+02  -3.460082092285156250e+02  1.879250000000000000e+05  2.022807617187500000e+04  5.087766601562500000e+03  1.675383203125000000e+04
5.400000000000000000e+01  -4.444770812988281250e+01  -1.277744140625000000e+02  -3.335395202636718750e+02  2.299880000000000000e+05  1.900695703125000000e+04  4.791844726562500000e+03  1.576054980468750000e+04
5.200000000000000000e+01  -3.741147994995117188e+01  -1.312238464355468750e+02  -3.180527954101562500e+02  2.398750000000000000e+05  1.752359179687500000e+04  4.431234375000000000e+03  1.455204882812500000e+04
5.100000000000000000e+01  -3.177458381652832031e+01  -1.319039916992187500e+02  -3.084401245117187500e+02  2.641580000000000000e+05  1.678509375000000000e+04  4.251573730468750000e+03  1.394992968750000000e+04
5.000000000000000000e+01  -2.765637016296386719e+01  -1.297515716552734375e+02  -2.967501220703125000e+02  2.502780000000000000e+05  1.600309082031250000e+04  4.059374267578125000e+03  1.331046191406250000e+04
4.900000000000000000e+01  -2.669800376892089844e+01  -1.283530883789062500e+02  -2.942777099609375000e+02  2.498930000000000000e+05  1.585140234375000000e+04  4.021459472656250000e+03  1.318578027343750000e+04
4.800000000000000000e+01  -2.633550643920898438e+01  -1.256950683593750000e+02  -2.870390319824218750e+02  2.404400000000000000e+05  1.525927832031250000e+04  3.874999755859375000e+03  1.269825292968750000e+04
4.700000000000000000e+01  -2.464594078063964844e+01  -1.240382308959960938e+02  -2.772702331542968750e+02  2.095730000000000000e+05  1.454741992187500000e+04  3.698445312500000000e+03  1.211308300781250000e+04
4.600000000000000000e+01  -2.230773735046386719e+01  -1.233040237426757812e+02  -2.676150512695312500e+02  1.769740000000000000e+05  1.386751953125000000e+04  3.530867675781250000e+03  1.155700585937500000e+04
4.500000000000000000e+01  -2.146552467346191406e+01  -1.227900543212890625e+02  -2.621363220214843750e+02  1.819050000000000000e+05  1.354022070312500000e+04  3.449759521484375000e+03  1.128809472656250000e+04
4.400000000000000000e+01  -2.166217231750488281e+01  -1.220650253295898438e+02  -2.578989868164062500e+02  1.677980000000000000e+05  1.328419238281250000e+04  3.386729736328125000e+03  1.107781738281250000e+04
4.300000000000000000e+01  -2.003605270385742188e+01  -1.202133560180664062e+02  -2.477221069335937500e+02  3.058410000000000000e+05  1.266502246093750000e+04  3.233473876953125000e+03  1.056883203125000000e+04
4.200000000000000000e+01  -1.947194862365722656e+01  -1.177648162841796875e+02  -2.391441497802734375e+02  4.146700000000000000e+05  1.207510156250000000e+04  3.086462158203125000e+03  1.008285449218750000e+04
4.100000000000000000e+01  -1.862257194519042969e+01  -1.168558044433593750e+02  -2.354866790771484375e+02  4.328520000000000000e+05  1.184703027343750000e+04  3.029498291015625000e+03  9.894767578125000000e+03
4.000000000000000000e+01  -1.664669227600097656e+01  -1.146951065063476562e+02  -2.294616241455078125e+02  4.234850000000000000e+05  1.151233691406250000e+04  2.945998535156250000e+03  9.618892578125000000e+03
3.900000000000000000e+01  -1.498860549926757812e+01  -1.119300537109375000e+02  -2.213527526855468750e+02  3.902000000000000000e+05  1.102929492187500000e+04  2.824901855468750000e+03  9.219936523437500000e+03
3.800000000000000000e+01  -1.535757541656494141e+01  -1.095529403686523438e+02  -2.113458251953125000e+02  3.782020000000000000e+05  1.051624414062500000e+04  2.695804199218750000e+03  8.794894531250000000e+03
3.700000000000000000e+01  -1.457287788391113281e+01  -1.059545898437500000e+02  -2.031571197509765625e+02  3.577020000000000000e+05  1.002732031250000000e+04  2.572299316406250000e+03  8.389981445312500000e+03
3.600000000000000000e+01  -1.423787784576416016e+01  -1.030820846557617188e+02  -1.948949432373046875e+02  3.449470000000000000e+05  9.560955078125000000e+03  2.454817138671875000e+03  8.003850097656250000e+03
3.500000000000000000e+01  -1.405149936676025391e+01  -1.024472503662109375e+02  -1.933032531738281250e+02  3.725600000000000000e+05  9.470678710937500000e+03  2.432058349609375000e+03  7.928794921875000000e+03
3.400000000000000000e+01  -1.352018928527832031e+01  -9.937931823730468750e+01  -1.864807739257812500e+02  3.294370000000000000e+05  9.116442382812500000e+03  2.342131835937500000e+03  7.634792480468750000e+03
3.300000000000000000e+01  -1.325362491607666016e+01  -9.665151214599609375e+01  -1.791552734375000000e+02  3.037850000000000000e+05  8.734930664062500000e+03  2.245790527343750000e+03  7.317498046875000000e+03
3.200000000000000000e+01  -1.297877502441406250e+01  -9.537446594238281250e+01  -1.771187438964843750e+02  2.897470000000000000e+05  8.611111328125000000e+03  2.214265869140625000e+03  7.214748046875000000e+03
3.100000000000000000e+01  -1.193591976165771484e+01  -9.265811920166015625e+01  -1.714922027587890625e+02  3.033780000000000000e+05  8.328912109375000000e+03  2.142392822265625000e+03  6.980539062500000000e+03
3.000000000000000000e+01  -1.142410278320312500e+01  -8.899348449707031250e+01  -1.643236694335937500e+02  2.928540000000000000e+05  7.941652832031250000e+03  2.043926635742187500e+03  6.658744140625000000e+03
2.900000000000000000e+01  -1.101027774810791016e+01  -8.522597503662109375e+01  -1.564859771728515625e+02  1.776910000000000000e+05  7.573051757812500000e+03  1.949884033203125000e+03  6.351597167968750000e+03
2.800000000000000000e+01  -1.042679977416992188e+01  -8.269242095947265625e+01  -1.499011993408203125e+02  4.226710000000000000e+05  7.255599609375000000e+03  1.869146850585937500e+03  6.086924804687500000e+03
2.700000000000000000e+01  -1.051626491546630859e+01  -7.946093750000000000e+01  -1.433284454345703125e+02  1.603730000000000000e+05  6.918742187500000000e+03  1.783266235351562500e+03  5.806217773437500000e+03
2.600000000000000000e+01  -1.001373100280761719e+01  -7.642087554931640625e+01  -1.371547546386718750e+02  8.303700000000000000e+04  6.598346191406250000e+03  1.701622802734375000e+03  5.538467285156250000e+03
