# r bin (kpc), avg v_rot gas (km/s), avg v_rot star 1 (km/s), avg v_rot star 2 (km/s), avg v_rot star 3 (km/s), avg v_rot star 4 (km/s)
0.0000000000000000 nan nan nan nan nan
0.2500000000000000 nan nan nan nan nan
0.5000000000000000 nan nan nan 16.2882510042977238 54.3592425837455480
0.7500000000000000 64.6326345340784201 nan 65.0818872507361448 46.8816096664801663 98.1888935006571586
1.0000000000000000 62.8395330015371627 nan nan 71.9582832518044881 53.5518143110422500
1.2500000000000000 84.7787537358218657 nan nan 58.6272114515731033 37.3386141414851807
1.5000000000000000 77.9904983347620231 nan 72.0442342119947057 72.3058033076588771 97.2685532656890075
1.7500000000000000 83.6171747498553799 nan 62.4269088365212710 42.2859796667305190 57.2826336692028022
2.0000000000000000 87.1815370945624863 nan nan 50.7099871186992601 84.2568544609414118
2.2500000000000000 93.1860371803356031 nan nan 127.9896377055195273 85.8954061401539946
2.5000000000000000 95.2166774737365529 nan 116.7294625234200964 111.0164375155510754 95.4143427931783634
2.7500000000000000 90.3399246739497386 nan 104.5905243247573537 92.4286409632059076 93.9573353162704024
3.0000000000000000 109.4806653233575133 nan nan 133.3921043905465353 146.4718202100853262
3.2500000000000000 107.3809423027370258 nan nan 131.3901743113515010 121.1502579232793266
3.5000000000000000 112.9874385154816707 nan 117.2557841663181364 89.9759296969564417 188.3837977233622496
3.7500000000000000 117.4025221439048039 nan 111.1630855919288194 156.6125521246069070 156.6048725985789929
4.0000000000000000 122.7877311410519354 nan nan 125.2559173980288278 131.1161729515300181
4.2500000000000000 121.6586192277722063 nan 122.7834029944203422 163.9926415857581219 157.5741533298716206
4.5000000000000000 127.7598278821152320 nan nan nan 144.6004005953730598
4.7500000000000000 127.1348094713699339 nan nan 112.5985595566224333 154.6265199554688081
5.0000000000000000 136.3867440919580361 nan nan 127.4347061528241909 166.0679064389496489
5.2500000000000000 131.4050843818333760 nan nan 149.5494684315524125 171.2927878074756052
5.5000000000000000 140.1949820350887705 nan nan 172.3647569708381582 197.0504931665285540
5.7500000000000000 136.8683801366899786 nan nan 129.8144373356722383 168.2230040078253523
6.0000000000000000 143.7065129495313442 nan nan 128.2507564625126122 161.5099839184898087
6.2500000000000000 139.3275922502747903 nan nan 196.7848622521872812 177.5284826157111127
6.5000000000000000 146.1781519172064350 nan nan 222.0479453388062439 161.9129583311926410
6.7500000000000000 145.0200424257406269 nan nan 137.7469102506470051 187.6404461503844345
7.0000000000000000 146.8780445260458691 nan nan 195.4996034203285546 173.6723593681008140
7.2500000000000000 149.8440796018013828 nan nan 138.3964625745799140 170.6756399993424225
7.5000000000000000 145.9903030991917205 nan nan 128.2633112341027015 165.6905820661905580
7.7500000000000000 151.2468834825357646 nan nan 164.1370987913199428 172.3135985684667730
8.0000000000000000 155.5008159315008527 nan nan 181.3982607612823585 183.6993334189246241
8.2500000000000000 151.9347242466795933 nan nan 158.5831454495788080 178.6751020116869313
8.5000000000000000 165.4855595162523514 nan 196.1712879011897996 151.6819052376378636 179.1730058668653669
8.7500000000000000 156.3017718371120566 nan 195.7614782688742991 155.6467454372226200 167.4293577362307417
9.0000000000000000 183.3455440853193181 nan 179.9021185282475699 173.5097525492964223 162.3246117048111330
9.2500000000000000 182.0602982226280346 nan 185.2940880101409107 173.2089868689631658 168.5474604890490298
9.5000000000000000 183.7035971695586341 nan 222.7160351257673767 195.9610403629532982 169.1896018217268534
9.7500000000000000 211.0632314905845703 nan 217.6376855980192317 191.0699257012531689 180.6399381261093140
10.0000000000000000 194.8045999356639868 nan 228.3117475086961292 207.1349062958330762 175.3145261730247171
10.2500000000000000 212.8560061934976204 194.6241466277438690 186.9481622294966314 200.4798801258038452 172.1679924567112039
10.5000000000000000 202.0731228977664387 nan 164.2904888430367691 199.0530496872096364 169.7997265311270780
10.7500000000000000 220.3812263869863273 nan 183.8379551629998332 190.3959942407706762 169.9611590525543647
11.0000000000000000 236.5860560167156734 nan 212.5783535046799955 188.7507881483718961 174.2402820487179440
11.2500000000000000 225.9155043930983027 nan 214.2958690332303320 166.6029811450708848 172.3798911125887798
11.5000000000000000 234.2670423648670521 nan 194.6886623404686816 179.7361763640899426 160.7484383901368403
11.7500000000000000 224.9851741170072614 278.6455261022218792 213.7213508584551960 183.1889329634047670 179.2303720369602615
12.0000000000000000 226.5403638615323985 nan 198.3697269700658694 189.8216354641359942 167.2657659950887705
12.2500000000000000 223.8962389522807825 nan 203.3769336687211933 189.5688224454969770 163.0610406204316973
12.5000000000000000 228.0311068269626276 nan 181.9354314618899195 193.4961257038332860 176.9411466871483185
12.7500000000000000 227.1610434567047889 nan 191.1858514448018980 186.4227997761522602 173.5211105647026102
13.0000000000000000 222.4157308458467242 185.9090476012484601 196.3001201163908149 189.1509476823136424 178.5137109905356851
13.2500000000000000 220.0174736068808272 208.2906479819851597 198.7734786947771113 167.4861259000134623 171.2967304570937301
13.5000000000000000 220.7917077758865503 195.9885321358359249 199.4740919472905318 192.3804277567616907 168.6619295852873393
13.7500000000000000 216.2457706707896250 205.3676895053760632 198.7915039259736432 197.5080650586334059 179.4914972938796041
14.0000000000000000 212.9471205622367052 183.9968997445093635 195.7710084179297780 181.3747734231164657 175.6071171602499703
14.2500000000000000 210.2632918135777800 164.9194686800695706 188.7555096663334666 182.7095724083688708 182.1239549969199345
14.5000000000000000 213.4477175009435257 nan 191.5051447443313180 185.5209027720649146 171.9631143972125926
14.7500000000000000 211.2697753886263285 173.1148125873430104 190.5015093595116582 171.0621153780892882 173.5111443171590508
15.0000000000000000 206.3053851964089347 189.0834563262596930 182.9530394317311561 197.3803194035420461 182.3421208279116854
15.2500000000000000 210.2309710438785260 nan 186.9922341108467947 189.7502167995619686 168.7622535802753418
15.5000000000000000 205.5393302854382682 195.9954869516261056 189.8574729423209817 192.5898157186811943 164.9107462976870693
15.7500000000000000 203.0231015569530939 183.0347424364967992 169.3236733186537606 188.6001935678213215 171.2732972746292717
16.0000000000000000 198.1128665571620786 274.6535175081820057 180.2391505502675955 187.0004126565464162 166.3566487446683766
16.2500000000000000 192.2429056634687186 167.5234450531485209 178.6187655540554999 185.0248297344088542 184.6767922427185624
16.5000000000000000 188.0080854181636596 nan 161.6019568927052603 172.8208362087285934 187.7520424638011320
16.7500000000000000 192.3374057858187598 nan 194.0659839856080566 180.5613489122090982 170.0902509206751461
17.0000000000000000 182.3805353154330930 nan 184.2244594984782111 181.7627251861132720 176.2806104964031135
17.2500000000000000 183.2147217783385145 nan 175.3235726187122623 186.1002307645528902 188.7843910615873995
17.5000000000000000 186.2151013910009283 nan 167.4175724389290565 171.7942421447174297 159.7223761719454274
17.7500000000000000 183.7082052248441926 nan 165.6822733806065173 194.5381717609453744 174.7527126648328704
18.0000000000000000 185.3046617819784387 nan 185.1359009095880310 172.7770128323435870 179.1096618559431590
18.2500000000000000 177.1694926955212281 nan 198.1239313219176381 193.0887925235131775 172.1503447306306782
18.5000000000000000 190.3721706680591410 187.9563602891968799 193.5181390615364307 158.2759850731282256 164.7712826444324037
18.7500000000000000 183.6988768503156564 nan 163.8916483718338100 184.6955495008844821 175.9659365125642125
19.0000000000000000 171.4573773682022022 nan nan 196.1481881845255089 171.8090320069740358
19.2500000000000000 189.0172874274136632 nan 158.5123596761530393 185.3730825380455087 179.1410131636566234
19.5000000000000000 175.5246894002841600 nan 165.7624558110901773 164.5130363451493167 170.9226264306172425
19.7500000000000000 180.0497904771487754 nan 129.7971519129817750 166.1485042915661836 165.4406993241886994
20.0000000000000000 168.4151558551256187 nan nan 176.1298376764115687 160.2300210673015499
20.2500000000000000 178.4043164273911657 nan nan 184.5716860757505628 146.6354993666587063
20.5000000000000000 176.4775281254530057 nan nan 179.7328466111008538 183.3483373073623568
20.7500000000000000 171.0307356515854167 nan nan 178.6811170752141322 191.8522882612194564
