3.449140000000000000e+05  5.371340625000000000e+04  8.746152343750000000e+03  4.014217578125000000e+04  5.374854278564453125e+01  -1.519325256347656250e+02  -2.677204589843750000e+02  1.286373138427734375e+02  2.248394622802734375e+02  1.101277204382141228e+01
3.481890000000000000e+05  9.725960937500000000e+03  3.285633984375000000e+04  6.404815625000000000e+04  -1.138545799255371094e+01  2.479354400634765625e+02  -2.650141716003417969e+01  1.293568725585937500e+02  2.252664489746093750e+02  9.934221948592901086e+00
3.564270000000000000e+05  2.444423583984375000e+03  5.381272656250000000e+04  6.034096093750000000e+04  1.176459598541259766e+01  2.581287002563476562e+01  -2.659555969238281250e+02  1.207163848876953125e+02  2.201201477050781250e+02  9.934221948592901086e+00
3.576970000000000000e+05  2.631168164062500000e+04  1.110437402343750000e+04  6.135240234375000000e+04  -6.591397094726562500e+01  -2.046516113281250000e+02  5.195932769775390625e+01  1.180241470336914062e+02  2.184792480468750000e+02  8.228831826425739848e+00
3.614280000000000000e+05  6.566984375000000000e+04  7.133900000000000000e+04  5.706925000000000000e+04  2.780412292480468750e+02  -1.491532287597656250e+02  -2.593022155761718750e+02  9.423884582519531250e+01  2.026900024414062500e+02  1.277056227912807707e+01
3.651410000000000000e+05  1.679452148437500000e+03  5.559079296875000000e+04  6.798213281250000000e+04  2.383361206054687500e+02  1.963074874877929688e+01  -2.954031066894531250e+02  1.216045608520507812e+02  2.206645812988281250e+02  1.255354679171405330e+01
3.684280000000000000e+05  1.511607324218750000e+04  1.491211914062500000e+04  2.742422265625000000e+04  -5.096361160278320312e+01  -4.989064407348632812e+01  -6.516946411132812500e+01  9.445545959472656250e+01  2.028473815917968750e+02  1.203032825146715901e+01
3.737300000000000000e+05  6.871703906250000000e+04  2.754756445312500000e+04  7.483925000000000000e+04  1.443200531005859375e+02  1.721322479248046875e+02  1.505848846435546875e+02  1.319854431152343750e+02  2.267700653076171875e+02  5.730500012257683018e+00
3.774820000000000000e+05  7.415919531250000000e+04  1.501896289062500000e+04  2.849596679687500000e+04  -1.426802978515625000e+02  5.090396881103515625e+01  -3.203851623535156250e+02  1.037036132812500000e+02  2.092579650878906250e+02  7.583556213747271180e+00
3.788220000000000000e+05  3.008033007812500000e+04  2.206349023437500000e+04  5.513591015625000000e+04  -1.575590209960937500e+02  6.915003967285156250e+01  -1.460758819580078125e+02  1.366001739501953125e+02  2.293909301757812500e+02  1.305602082249603235e+01
3.791030000000000000e+05  4.230019531250000000e+03  5.588413281250000000e+04  3.636113281250000000e+04  -1.090569763183593750e+02  -1.990926513671875000e+02  2.566520080566406250e+02  1.345133819580078125e+02  2.282111206054687500e+02  1.116174367512844867e+01
3.802100000000000000e+05  1.083159667968750000e+04  2.005044921875000000e+04  2.550046093750000000e+04  -2.434682006835937500e+02  -3.849657058715820312e+00  2.568352317810058594e+01  9.309926605224609375e+01  2.018695373535156250e+02  6.017965502798958255e+00
3.805560000000000000e+05  4.625985156250000000e+04  2.895761914062500000e+04  9.649300781250000000e+03  5.560838317871093750e+01  -4.092224884033203125e+01  -8.556269073486328125e+01  1.400020294189453125e+02  2.312743225097656250e+02  8.371984981269694259e+00
3.831460000000000000e+05  1.043763964843750000e+04  7.854606933593750000e+03  3.294740234375000000e+04  3.782773590087890625e+01  4.360210266113281250e+02  -7.371407318115234375e+01  1.386825561523437500e+02  2.305509338378906250e+02  1.203032825146715901e+01
3.836120000000000000e+05  2.083665234375000000e+04  2.214399414062500000e+04  4.311175781250000000e+04  -1.487854461669921875e+02  1.478978881835937500e+02  -8.807426452636718750e+01  1.358253326416015625e+02  2.289561767578125000e+02  1.380000000000000071e+01
3.837390000000000000e+05  5.529640625000000000e+04  4.178976562500000000e+04  5.422967968750000000e+04  -1.664093208312988281e+01  1.469239807128906250e+02  6.367168426513671875e+01  1.356662750244140625e+02  2.288600463867187500e+02  6.205588845624170347e+00
3.852300000000000000e+05  2.107187695312500000e+04  1.973160742187500000e+04  1.234045214843750000e+04  -2.620130920410156250e+02  -5.990145492553710938e+01  2.425546073913574219e+01  1.401468505859375000e+02  2.313599548339843750e+02  5.385312306902314106e+00
3.853430000000000000e+05  4.127762695312500000e+03  1.042662597656250000e+03  1.606881835937500000e+04  1.231655349731445312e+02  1.028332214355468750e+02  8.666348266601562500e+01  7.834777069091796875e+01  1.905864562988281250e+02  8.546839766134786132e+00
3.859160000000000000e+05  4.612257031250000000e+04  3.912070312500000000e+04  7.177767968750000000e+04  -4.690781555175781250e+02  1.702394104003906250e+01  -1.759931030273437500e+02  1.214162826538085938e+02  2.205571899414062500e+02  1.116174367512844867e+01
3.865370000000000000e+05  2.045170703125000000e+04  2.282866210937500000e+04  1.846436523437500000e+04  -2.871329345703125000e+02  -1.278041229248046875e+02  7.844457244873046875e+01  9.778790283203125000e+01  2.051972045898437500e+02  1.176884422545161435e+01
3.874560000000000000e+05  6.052367968750000000e+04  7.116777343750000000e+04  2.922457031250000000e+04  -1.428563232421875000e+02  -8.914797210693359375e+01  2.727897033691406250e+02  1.292568359375000000e+02  2.252035522460937500e+02  1.280502057400133253e+01
3.879130000000000000e+05  7.193154687500000000e+04  6.650792480468750000e+03  4.497510546875000000e+04  -4.849582016468048096e-01  -1.387438354492187500e+02  -2.859593505859375000e+02  1.365829925537109375e+02  2.293797607421875000e+02  5.385312306902314106e+00
3.883030000000000000e+05  2.720765136718750000e+03  2.818625585937500000e+04  1.113558007812500000e+04  1.104140853881835938e+01  -2.714981460571289062e+01  4.459461669921875000e+02  9.435393524169921875e+01  2.027712097167968750e+02  1.310424702200101876e+01
3.884920000000000000e+05  2.310880468750000000e+04  5.152349609375000000e+04  3.238583007812500000e+04  -1.968370819091796875e+02  -9.874282836914062500e+01  1.206168060302734375e+02  1.390177917480468750e+02  2.307367248535156250e+02  1.203032825146715901e+01
3.889580000000000000e+05  3.976758203125000000e+04  6.773860156250000000e+04  5.198735937500000000e+04  -5.954223251342773438e+01  -1.683090972900390625e+01  -3.902415771484375000e+02  1.039857406616210938e+02  2.094414367675781250e+02  1.380000000000000071e+01
3.890300000000000000e+05  1.125350390625000000e+04  7.156270312500000000e+04  7.379202148437500000e+03  2.267056732177734375e+02  5.749588394165039062e+01  -4.211092376708984375e+01  1.326833038330078125e+02  2.271801910400390625e+02  9.465641060404585971e+00
3.892950000000000000e+05  2.337566210937500000e+04  4.191312011718750000e+03  2.832367578125000000e+04  -2.320792541503906250e+02  1.904613952636718750e+02  -3.530385971069335938e+00  1.359745788574218750e+02  2.290366210937500000e+02  1.190412499669766433e+01
3.893730000000000000e+05  6.416121875000000000e+04  1.928814062500000000e+04  5.358730859375000000e+04  6.055889129638671875e+01  -1.376907958984375000e+02  -1.063018035888671875e+02  1.361194610595703125e+02  2.291163787841796875e+02  1.280502057400133253e+01
3.894860000000000000e+05  2.272216796875000000e+04  5.721546875000000000e+04  5.352767187500000000e+04  5.349142837524414062e+01  -3.968247680664062500e+02  8.668649291992187500e+01  1.342891998291015625e+02  2.280858764648437500e+02  1.380000000000000071e+01
3.896960000000000000e+05  4.659491796875000000e+04  1.836398559570312500e+03  2.262593945312500000e+04  1.139066085815429688e+02  -5.985975646972656250e+01  1.365882263183593750e+02  1.230019989013671875e+02  2.215029296875000000e+02  1.912758912406289369e+00
3.902540000000000000e+05  8.436714172363281250e+01  3.566785156250000000e+04  3.055014404296875000e+03  -1.313597564697265625e+02  -3.500313415527343750e+02  8.663845825195312500e+01  1.107914962768554688e+02  2.139171600341796875e+02  1.236036894079930804e+01
3.904290000000000000e+05  2.136927148437500000e+04  5.544512109375000000e+04  5.845217968750000000e+04  -1.825089836120605469e+01  -7.806606292724609375e+01  -1.981562957763671875e+02  1.173424453735351562e+02  2.180612792968750000e+02  2.580133667814939358e+00
3.906690000000000000e+05  5.985209375000000000e+04  3.460354492187500000e+03  5.732868750000000000e+04  4.940979957580566406e+00  -1.261040039062500000e+02  -2.484052734375000000e+02  1.136054611206054688e+02  2.157213439941406250e+02  1.040161142699908581e+01
3.908350000000000000e+05  6.777847656250000000e+04  5.239225781250000000e+04  2.731885742187500000e+04  1.488271331787109375e+02  2.489097833633422852e+00  6.231763458251953125e+01  1.407775878906250000e+02  2.317050170898437500e+02  5.385312306902314106e+00
3.913470000000000000e+05  3.438666406250000000e+04  3.862704687500000000e+04  3.698534765625000000e+04  -1.927492065429687500e+02  2.985887718200683594e+01  2.886723937988281250e+02  1.367424774169921875e+02  2.294710998535156250e+02  1.071121401495764758e+01
3.915270000000000000e+05  2.807277539062500000e+04  4.273437890625000000e+04  1.639018554687500000e+04  -5.132621765136718750e+01  -3.762283325195312500e+01  7.431079864501953125e+00  1.322700500488281250e+02  2.269338989257812500e+02  5.081974264544758313e+00
3.916040000000000000e+05  7.223341406250000000e+04  5.606242968750000000e+04  5.427626562500000000e+04  -6.678449249267578125e+01  -6.485381317138671875e+01  1.779738464355468750e+02  1.247082061767578125e+02  2.225214538574218750e+02  1.380000000000000071e+01
3.918810000000000000e+05  6.745128906250000000e+04  2.204729492187500000e+04  2.525290625000000000e+04  2.431631774902343750e+02  -4.155414428710937500e+02  -2.159189147949218750e+02  1.296499328613281250e+02  2.254345092773437500e+02  8.546839766134786132e+00
3.920840000000000000e+05  2.353825000000000000e+04  7.872266601562500000e+03  9.093847656250000000e+03  -3.106112670898437500e+02  1.361911621093750000e+02  -1.202304611206054688e+02  1.291233825683593750e+02  2.251238708496093750e+02  1.912758912406289369e+00
3.921380000000000000e+05  1.826911328125000000e+04  6.195955078125000000e+04  7.016628906250000000e+04  -3.203878784179687500e+02  -4.961343383789062500e+01  -3.690212631225585938e+01  1.208929367065429688e+02  2.202324829101562500e+02  9.636643502974857611e+00
3.922080000000000000e+05  4.576878125000000000e+04  5.912315917968750000e+03  2.016617797851562500e+03  -9.998167037963867188e+00  -4.821432495117187500e+01  -1.619153137207031250e+02  1.402251434326171875e+02  2.314016418457031250e+02  6.017965502798958255e+00
3.925440000000000000e+05  2.215232031250000000e+04  4.125042968750000000e+04  5.418233593750000000e+04  -1.296966838836669922e+01  4.801265869140625000e+02  -4.380236206054687500e+02  1.302032928466796875e+02  2.257519683837890625e+02  1.415121786847835850e+00
3.926570000000000000e+05  2.930413085937500000e+04  2.463731054687500000e+04  5.190578906250000000e+04  -1.177387695312500000e+02  1.355703125000000000e+02  -1.208551788330078125e+02  1.285553131103515625e+02  2.247869567871093750e+02  6.659247410961587121e+00
3.928020000000000000e+05  2.876633398437500000e+04  5.633991406250000000e+04  3.988402734375000000e+04  -3.261939620971679688e+01  -1.354488372802734375e+02  1.644083557128906250e+02  1.241992797851562500e+02  2.222310791015625000e+02  7.932259545831896297e+00
3.931450000000000000e+05  1.042690136718750000e+04  7.223079687500000000e+04  7.388513281250000000e+04  1.974493408203125000e+02  -1.372334289550781250e+02  1.830656280517578125e+02  1.334691162109375000e+02  2.276194915771484375e+02  7.583556213747271180e+00
3.933010000000000000e+05  6.523699218750000000e+04  3.466412890625000000e+04  7.167346093750000000e+04  2.361549530029296875e+02  -4.023285675048828125e+01  2.001811370849609375e+02  1.188316726684570312e+02  2.189696655273437500e+02  9.934221948592901086e+00
3.939170000000000000e+05  6.285199609375000000e+04  6.356716918945312500e+02  3.979448437500000000e+04  -3.543266906738281250e+02  1.215811538696289062e+02  -1.123672637939453125e+02  1.367905883789062500e+02  2.294881591796875000e+02  1.101277204382141228e+01
3.941020000000000000e+05  3.910905078125000000e+04  7.282507031250000000e+04  4.178167187500000000e+04  1.636889343261718750e+02  -3.705205383300781250e+02  -5.430594635009765625e+01  1.270966567993164062e+02  2.239375915527343750e+02  9.934221948592901086e+00
3.941550000000000000e+05  8.676779296875000000e+03  5.118339453125000000e+04  4.596123437500000000e+04  8.128544311523437500e+02  -1.794538116455078125e+02  1.384521331787109375e+02  1.383458404541015625e+02  2.303594665527343750e+02  5.730500012257683018e+00
3.942170000000000000e+05  2.235752197265625000e+03  1.242266699218750000e+04  2.882276953125000000e+04  -1.034839553833007812e+02  2.170036163330078125e+02  -6.206283569335937500e+01  1.242211608886718750e+02  2.222305297851562500e+02  9.318446325621081883e+00
3.943960000000000000e+05  1.571066015625000000e+04  1.223847656250000000e+04  3.519513281250000000e+04  -2.205610046386718750e+02  5.419303894042968750e+01  -2.003286132812500000e+02  1.380301055908203125e+02  2.301830139160156250e+02  8.546839766134786132e+00
3.945660000000000000e+05  7.122263281250000000e+04  1.662093750000000000e+04  7.240569531250000000e+04  1.251094512939453125e+02  1.600053100585937500e+02  9.007302856445312500e+01  1.348992156982421875e+02  2.284314422607421875e+02  2.876471903136670338e+00
3.946640000000000000e+05  7.200642187500000000e+04  1.770966992187500000e+04  5.785564453125000000e+04  1.420244293212890625e+02  3.507126998901367188e+01  -8.825248718261718750e+01  1.206819076538085938e+02  2.201103820800781250e+02  8.371984981269694259e+00
3.949420000000000000e+05  5.700408203125000000e+04  4.238474609375000000e+04  6.438714843750000000e+04  2.167018318176269531e+01  1.823113403320312500e+02  -7.279563903808593750e+01  1.298822479248046875e+02  2.255600738525390625e+02  1.190412499669766433e+01
3.951860000000000000e+05  5.759453125000000000e+04  6.105651171875000000e+04  6.901212890625000000e+03  -2.240622901916503906e+01  -3.159115982055664062e+01  6.292136669158935547e+00  1.389891967773437500e+02  2.307223968505859375e+02  7.583556213747271180e+00
3.958680000000000000e+05  9.590031127929687500e+02  6.602203906250000000e+04  7.439065625000000000e+04  1.866382598876953125e+02  -2.025102615356445312e+01  -6.158045196533203125e+01  1.092955703735351562e+02  2.129496307373046875e+02  7.779256039239388798e+00
3.961400000000000000e+05  5.661612109375000000e+04  2.184710351562500000e+04  1.436623242187500000e+04  1.821696319580078125e+02  -5.534228515625000000e+01  5.859052658081054688e+01  1.180374908447265625e+02  2.184882202148437500e+02  3.851006762195780198e+00
3.963170000000000000e+05  7.188351562500000000e+04  2.922206445312500000e+04  7.470376562500000000e+04  1.686252288818359375e+02  1.627716217041015625e+02  1.485405731201171875e+02  1.222094421386718750e+02  2.210313415527343750e+02  7.133948300011816457e+00
3.966240000000000000e+05  4.355725000000000000e+04  4.851949609375000000e+04  3.596039453125000000e+04  -2.191585388183593750e+02  6.182293319702148438e+01  5.856929397583007812e+01  1.257679977416992188e+02  2.231547546386718750e+02  3.961856721725804498e+00
3.967890000000000000e+05  5.470492968750000000e+04  1.964650585937500000e+04  4.071620312500000000e+04  -5.940938568115234375e+01  -2.872960510253906250e+02  -1.347890472412109375e+02  1.251916122436523438e+02  2.228211364746093750e+02  2.698600023192934572e+00
3.970110000000000000e+05  3.721464453125000000e+04  5.696496484375000000e+04  4.902046484375000000e+04  -1.505739288330078125e+02  1.342987365722656250e+02  -1.733276367187500000e+02  1.005151138305664062e+02  2.070926513671875000e+02  6.834732699225051000e+00
3.970620000000000000e+05  5.985125390625000000e+04  1.254747753906250000e+04  3.822030468750000000e+04  5.892425060272216797e+00  -3.311186828613281250e+02  -2.472380371093750000e+02  1.325414733886718750e+02  2.270974426269531250e+02  1.297697462991876627e+01
3.971480000000000000e+05  4.756835156250000000e+04  3.894278515625000000e+04  7.015718750000000000e+04  -3.249251098632812500e+02  -2.227627868652343750e+02  2.290840911865234375e+02  1.304333953857421875e+02  2.258816223144531250e+02  1.131994609420696918e+01
3.972040000000000000e+05  2.667730273437500000e+04  8.104604492187500000e+03  5.579813281250000000e+04  7.243692016601562500e+01  -1.158396148681640625e+02  5.615202331542968750e+01  1.339934692382812500e+02  2.279152526855468750e+02  9.010100120984850136e+00
3.973480000000000000e+05  4.638429687500000000e+04  2.032644140625000000e+04  4.182362500000000000e+04  -5.118190002441406250e+01  -1.353071746826171875e+02  3.103767156600952148e+00  1.060793991088867188e+02  2.108450012207031250e+02  5.583704079166812662e+00
3.974310000000000000e+05  6.109692578125000000e+04  9.053874023437500000e+03  3.703990625000000000e+04  -3.260458707809448242e+00  -1.720903015136718750e+02  -9.390104675292968750e+01  1.145868072509765625e+02  2.163390655517578125e+02  7.133948300011816457e+00
3.975410000000000000e+05  4.211012890625000000e+04  9.572922851562500000e+03  4.990912890625000000e+04  -4.753041458129882812e+01  -1.074586563110351562e+02  -1.446248779296875000e+02  1.301650390625000000e+02  2.257267761230468750e+02  8.683020581730854559e+00
3.976020000000000000e+05  1.021158496093750000e+04  5.568001562500000000e+04  7.327241406250000000e+04  2.447493438720703125e+02  -2.165062522888183594e+01  -3.701932373046875000e+02  9.389706420898437500e+01  2.024438171386718750e+02  1.297697462991876627e+01
3.977740000000000000e+05  6.440633984375000000e+04  1.240283886718750000e+04  7.370982031250000000e+04  3.632079696655273438e+01  1.312221069335937500e+02  8.071748352050781250e+01  1.367384643554687500e+02  2.294682922363281250e+02  7.463186219885068695e+00
3.978890000000000000e+05  1.799157812500000000e+04  7.289798437500000000e+04  6.009044921875000000e+03  1.581491088867187500e+01  3.089090576171875000e+02  -3.043904418945312500e+02  9.513575744628906250e+01  2.033246307373046875e+02  1.236036894079930804e+01
3.979920000000000000e+05  2.123810351562500000e+04  4.135865234375000000e+04  3.405461328125000000e+04  -2.263937988281250000e+02  -4.160560989379882812e+01  3.094281005859375000e+02  1.374035644531250000e+02  2.298367004394531250e+02  3.851006762195780198e+00
3.983100000000000000e+05  5.354927734375000000e+04  9.267287109375000000e+03  7.439182812500000000e+04  -1.096947937011718750e+02  2.606969642639160156e+01  6.724144744873046875e+01  1.394345245361328125e+02  2.309664306640625000e+02  1.203032825146715901e+01
3.986220000000000000e+05  6.457249609375000000e+04  6.145508984375000000e+04  5.085878906250000000e+04  3.367135925292968750e+02  -1.405996856689453125e+02  1.416397552490234375e+02  1.111047210693359375e+02  2.141291809082031250e+02  1.283170761512342395e+01
3.989960000000000000e+05  1.844260156250000000e+04  4.347989843750000000e+04  7.089902343750000000e+04  -2.240734252929687500e+02  2.293683319091796875e+02  -1.782450866699218750e+02  1.172481231689453125e+02  2.180004272460937500e+02  7.300188977359312936e+00
3.990830000000000000e+05  3.837781640625000000e+04  2.297555078125000000e+04  4.779469921875000000e+04  -8.792398834228515625e+01  -3.935043334960937500e+02  8.134267425537109375e+01  1.096231842041015625e+02  2.131665496826171875e+02  1.056003325978857177e+01
3.992140000000000000e+05  5.624144921875000000e+04  4.576190625000000000e+04  2.535008398437500000e+04  -9.376504516601562500e+01  -3.335004425048828125e+01  2.550668182373046875e+02  1.271142196655273438e+02  2.239475402832031250e+02  6.343974989072147075e+00
3.994740000000000000e+05  5.838754687500000000e+04  1.309315527343750000e+04  4.970981640625000000e+04  -2.261341247558593750e+02  -2.362947692871093750e+02  -1.140071487426757812e+02  1.075782928466796875e+02  2.118310852050781250e+02  1.300960807859616786e+01
3.994980000000000000e+05  7.281544921875000000e+03  4.575290234375000000e+04  5.138130859375000000e+04  2.293515625000000000e+02  2.832478027343750000e+02  -9.407920837402343750e+00  7.225065612792968750e+01  1.855108032226562500e+02  9.166515234107764698e+00
3.996480000000000000e+05  1.626671484375000000e+04  1.510978417968750000e+04  7.443837500000000000e+04  7.240924835205078125e+01  -1.713961410522460938e+01  4.763663101196289062e+01  1.394760284423828125e+02  2.309892272949218750e+02  1.203032825146715901e+01
3.998080000000000000e+05  5.333112109375000000e+04  1.323105346679687500e+03  1.483667480468750000e+04  -3.674410247802734375e+01  -7.981632232666015625e+01  2.107237701416015625e+02  1.199981918334960938e+02  2.196914825439453125e+02  1.269792958017283091e+01
3.998880000000000000e+05  5.363361328125000000e+03  3.482492968750000000e+04  1.681026562500000000e+04  -7.743542480468750000e+01  -3.745816650390625000e+02  1.299505615234375000e+02  1.258977203369140625e+02  2.232375793457031250e+02  7.806327502693289899e-01
3.999480000000000000e+05  5.135396093750000000e+04  4.112494921875000000e+04  5.607543359375000000e+04  -9.391196441650390625e+01  1.514503784179687500e+02  9.053952789306640625e+01  1.240620803833007812e+02  2.221475830078125000e+02  5.385312306902314106e+00
4.000040000000000000e+05  7.051111718750000000e+04  5.194762500000000000e+04  2.862209960937500000e+04  5.062026977539062500e+01  1.090520000457763672e+01  1.226485137939453125e+02  1.153922348022460938e+02  2.168435363769531250e+02  8.371984981269694259e+00
4.000830000000000000e+05  8.547755859375000000e+03  3.438523828125000000e+04  5.852784375000000000e+04  -4.120573806762695312e+01  8.588497924804687500e+01  3.211093750000000000e+02  1.163296203613281250e+02  2.174303283691406250e+02  9.318446325621081883e+00
4.001790000000000000e+05  4.120326953125000000e+04  2.441206250000000000e+04  6.744439843750000000e+04  -1.006324081420898438e+02  1.575562095642089844e+01  -2.080374450683593750e+02  8.120401000976562500e+01  1.928782348632812500e+02  1.101277204382141228e+01
4.002890000000000000e+05  3.964943847656250000e+03  2.953416259765625000e+03  3.607791015625000000e+04  -7.314807128906250000e+01  2.777106933593750000e+02  1.233455200195312500e+02  1.324739227294921875e+02  2.270499877929687500e+02  9.774518576472754461e+00
4.004110000000000000e+05  4.353360156250000000e+04  3.564849218750000000e+04  5.401923828125000000e+04  -3.011995544433593750e+02  3.441725921630859375e+01  1.716569366455078125e+02  1.276606826782226562e+02  2.242683563232421875e+02  1.101277204382141228e+01
4.005780000000000000e+05  6.015001171875000000e+04  4.989399609375000000e+04  2.403878710937500000e+04  9.818191528320312500e+00  -3.949353027343750000e+01  2.348950347900390625e+02  8.387207031250000000e+01  1.949710845947265625e+02  1.380000000000000071e+01
4.007330000000000000e+05  6.719490625000000000e+04  1.247344726562500000e+04  3.519950781250000000e+04  -7.836395263671875000e+01  -1.738544311523437500e+02  -4.370671386718750000e+02  1.157893829345703125e+02  2.170867004394531250e+02  3.683091411705374796e+00
4.015670000000000000e+05  7.048578125000000000e+04  5.115968359375000000e+04  5.518473437500000000e+04  3.414446716308593750e+02  4.805590820312500000e+02  1.308926544189453125e+02  1.395285186767578125e+02  2.310153350830078125e+02  1.269792958017283091e+01
4.016250000000000000e+05  5.212634765625000000e+03  3.604801171875000000e+04  2.140280664062500000e+04  1.239346694946289062e+02  -3.106747436523437500e+02  1.186255950927734375e+02  1.073961334228515625e+02  2.117098388671875000e+02  7.133948300011816457e+00
4.016630000000000000e+05  6.978382812500000000e+04  4.894796484375000000e+04  5.818591015625000000e+04  3.035698547363281250e+02  1.827914886474609375e+02  -3.616217956542968750e+02  1.225173034667968750e+02  2.212188415527343750e+02  8.683020581730854559e+00
4.017050000000000000e+05  1.724312866210937500e+03  7.077739843750000000e+04  1.187312988281250000e+04  1.268396072387695312e+02  9.163669586181640625e+01  -1.226396369934082031e+01  1.054630355834960938e+02  2.104322204589843750e+02  1.415121786847835850e+00
4.020920000000000000e+05  1.837030078125000000e+04  1.161503710937500000e+04  1.953266357421875000e+03  1.740877075195312500e+02  4.617552566528320312e+01  1.607412567138671875e+02  1.093568954467773438e+02  2.129971008300781250e+02  4.127304837402578030e+00
4.021510000000000000e+05  6.826856250000000000e+04  6.277276562500000000e+04  5.530132031250000000e+04  2.591837158203125000e+02  -4.829771118164062500e+02  -3.830424804687500000e+02  8.681336212158203125e+01  1.972134857177734375e+02  1.008797383033137329e+01
4.022030000000000000e+05  1.014807519531250000e+04  2.601101171875000000e+04  3.121440673828125000e+03  -2.339091644287109375e+02  6.751861572265625000e+01  -4.657403564453125000e+01  1.085795898437500000e+02  2.124890136718750000e+02  9.318446325621081883e+00
4.024230000000000000e+05  4.822642187500000000e+04  2.381064843750000000e+04  2.656551953125000000e+04  1.133730545043945312e+02  5.917813873291015625e+01  1.019578094482421875e+02  1.201414566040039062e+02  2.197739410400390625e+02  1.131994609420696918e+01
4.024790000000000000e+05  2.747760742187500000e+04  4.215344238281250000e+03  7.384872656250000000e+04  -4.940787124633789062e+01  -1.937985076904296875e+02  8.562458038330078125e+01  8.171878814697265625e+01  1.932791595458984375e+02  1.101277204382141228e+01
4.026240000000000000e+05  1.432871704101562500e+03  5.393816796875000000e+04  4.241034765625000000e+04  3.390498657226562500e+02  2.987233276367187500e+02  1.838022613525390625e+02  9.029762268066406250e+01  1.998231811523437500e+02  5.385312306902314106e+00
4.027000000000000000e+05  3.943209375000000000e+04  6.559852343750000000e+04  8.172585449218750000e+03  -7.945863342285156250e+01  1.458145141601562500e+02  3.582203674316406250e+01  9.647408294677734375e+01  2.042787170410156250e+02  1.176884422545161435e+01
4.028410000000000000e+05  2.173646875000000000e+04  7.067553125000000000e+04  2.035585546875000000e+04  -1.086847229003906250e+02  1.646645050048828125e+02  4.744060516357421875e+00  1.176631011962890625e+02  2.182502746582031250e+02  1.912758912406289369e+00
4.029630000000000000e+05  3.216592968750000000e+04  9.105303710937500000e+03  3.877127734375000000e+04  8.710304260253906250e+01  -1.187409133911132812e+02  -1.118326873779296875e+02  1.207737350463867188e+02  2.201655883789062500e+02  9.774518576472754461e+00
4.030320000000000000e+05  7.484624633789062500e+02  3.706151171875000000e+04  4.635582421875000000e+04  3.291235656738281250e+02  1.494217681884765625e+02  7.308996582031250000e+01  1.074577941894531250e+02  2.117605590820312500e+02  1.261998402896624327e+01
4.032730000000000000e+05  6.869001464843750000e+03  2.750644921875000000e+04  4.402223828125000000e+04  1.262527084350585938e+02  1.276736221313476562e+02  -8.791309356689453125e+01  1.052030792236328125e+02  2.102674102783203125e+02  1.008797383033137329e+01
4.037040000000000000e+05  2.462033447265625000e+03  5.509224218750000000e+04  6.519773437500000000e+04  1.925548400878906250e+02  7.033367919921875000e+01  -3.524885559082031250e+02  1.005753707885742188e+02  2.071377563476562500e+02  1.040161142699908581e+01
4.037330000000000000e+05  3.880931250000000000e+04  7.402285156250000000e+04  4.081813281250000000e+04  1.587092437744140625e+02  -3.611803894042968750e+02  -1.202587585449218750e+02  1.089363021850585938e+02  2.127201385498046875e+02  1.085569262702062510e+01
4.038440000000000000e+05  4.010687500000000000e+04  5.541640234375000000e+04  5.216317578125000000e+04  -2.428776702880859375e+02  1.815881538391113281e+01  -2.205430755615234375e+02  1.115407180786132812e+02  2.144004669189453125e+02  1.218181781300221722e+01
4.039030000000000000e+05  1.929742382812500000e+04  2.621208398437500000e+04  2.315420898437500000e+04  -2.658338928222656250e+02  -1.562277221679687500e+02  1.453406066894531250e+02  1.196607513427734375e+02  2.194806518554687500e+02  1.203032825146715901e+01
4.039700000000000000e+05  3.266275390625000000e+04  3.787301171875000000e+04  3.915899218750000000e+04  -2.630679321289062500e+02  5.911782836914062500e+01  2.103970794677734375e+02  9.861701202392578125e+01  2.057833251953125000e+02  1.131994609420696918e+01
4.049640000000000000e+05  2.736316015625000000e+04  4.811922265625000000e+04  5.045933593750000000e+04  -5.283762817382812500e+02  -8.508155822753906250e+01  -1.846959838867187500e+02  9.695198059082031250e+01  2.046155853271484375e+02  6.017965502798958255e+00
4.050320000000000000e+05  9.713673828125000000e+03  4.737694531250000000e+04  6.950287500000000000e+04  2.010100860595703125e+02  2.005544738769531250e+02  -2.167210235595703125e+02  1.027742462158203125e+02  2.086354064941406250e+02  7.463186219885068695e+00
4.051550000000000000e+05  7.444328906250000000e+04  5.546339062500000000e+04  6.883338281250000000e+04  3.141740112304687500e+02  5.002568244934082031e+00  -2.110992431640625000e+02  1.229311370849609375e+02  2.214649963378906250e+02  1.305602082249603235e+01
4.052340000000000000e+05  3.808950195312500000e+03  5.970641406250000000e+04  6.411915234375000000e+04  -1.211042118072509766e+01  -2.679962768554687500e+02  -1.142273101806640625e+02  9.936138916015625000e+01  2.062994689941406250e+02  7.740646288022687393e+00
4.053000000000000000e+05  6.208594531250000000e+04  1.473386621093750000e+04  7.972732910156250000e+03  6.673712158203125000e+01  1.399736785888671875e+02  1.073282394409179688e+02  7.605217742919921875e+01  1.887131652832031250e+02  1.131994609420696918e+01
4.055720000000000000e+05  3.447478125000000000e+04  1.381043945312500000e+03  6.783043750000000000e+04  -7.398396301269531250e+01  -2.654467163085937500e+02  3.526755676269531250e+02  9.663964080810546875e+01  2.043910827636718750e+02  9.166515234107764698e+00
4.059600000000000000e+05  7.435614062500000000e+04  2.977259375000000000e+04  1.520534277343750000e+04  2.335058441162109375e+02  -7.991060791015625000e+02  -2.873352527618408203e+00  1.277275543212890625e+02  2.243065795898437500e+02  1.310424702200101876e+01
4.060000000000000000e+05  6.050056640625000000e+04  9.122298828125000000e+03  1.578769042968750000e+04  3.759561538696289062e+01  1.337854156494140625e+02  1.290391998291015625e+02  9.787217712402343750e+01  2.052626647949218750e+02  1.203032825146715901e+01
4.060320000000000000e+05  4.356926757812500000e+03  7.147033691406250000e+03  1.555040234375000000e+04  1.575473327636718750e+02  1.948011016845703125e+02  1.927573394775390625e+02  1.095169830322265625e+02  2.131040802001953125e+02  2.876471903136670338e+00
4.061420000000000000e+05  7.466291406250000000e+04  6.507488671875000000e+04  6.499486718750000000e+04  1.155072402954101562e+02  -2.437824249267578125e+02  -1.899391174316406250e+02  1.161057281494140625e+02  2.172846069335937500e+02  5.234590756770896469e+00
4.062290000000000000e+05  3.953903515625000000e+04  6.498881250000000000e+04  4.479133984375000000e+04  -3.809699630737304688e+01  5.576277465820312500e+02  -4.271067199707031250e+02  8.359486389160156250e+01  1.947491149902343750e+02  1.380000000000000071e+01
4.065570000000000000e+05  5.656634375000000000e+04  5.958635546875000000e+04  7.652653320312500000e+03  1.056542968750000000e+02  7.979137420654296875e+01  8.187731170654296875e+01  1.176849594116210938e+02  2.182720031738281250e+02  1.289524225406221269e+01
4.069790000000000000e+05  6.879210156250000000e+04  5.121405859375000000e+04  1.159284472656250000e+04  9.129351806640625000e+01  -8.438163757324218750e+01  5.468604278564453125e+01  1.062261505126953125e+02  2.109370880126953125e+02  1.415121786847835850e+00
4.072040000000000000e+05  4.345496093750000000e+04  6.519729687500000000e+04  1.427040429687500000e+04  3.119480133056640625e+01  9.680870056152343750e+01  6.393209934234619141e+00  1.077685089111328125e+02  2.119621276855468750e+02  8.082256993242888043e+00
4.073720000000000000e+05  5.334539843750000000e+04  6.997670312500000000e+04  2.179555468750000000e+04  7.473644256591796875e+01  4.157246398925781250e+01  2.175069732666015625e+02  1.111709213256835938e+02  2.141606445312500000e+02  1.269792958017283091e+01
4.074050000000000000e+05  5.762369921875000000e+04  6.688656250000000000e+04  3.703297851562500000e+03  -3.285802841186523438e+01  3.039862442016601562e+01  5.771824264526367188e+01  1.257832565307617188e+02  2.231690979003906250e+02  4.452614679103522377e+00
4.074630000000000000e+05  4.594473046875000000e+04  7.103360937500000000e+04  3.061671484375000000e+04  1.209031448364257812e+02  -7.430519104003906250e+01  3.016459960937500000e+02  1.238577728271484375e+02  2.220233764648437500e+02  4.612394612284686168e+00
4.076180000000000000e+05  1.100058007812500000e+04  5.993244628906250000e+03  3.601776611328125000e+03  2.357766418457031250e+02  3.500364303588867188e+01  1.736022644042968750e+02  1.218997344970703125e+02  2.208404235839843750e+02  1.380000000000000071e+01
4.080590000000000000e+05  5.734179687500000000e+03  3.890757421875000000e+04  3.157294921875000000e+04  9.709268188476562500e+01  9.062167358398437500e+01  -1.670586242675781250e+02  1.158291931152343750e+02  2.171108093261718750e+02  5.385312306902314106e+00
4.081520000000000000e+05  2.063798046875000000e+04  9.210166015625000000e+02  2.223191796875000000e+04  -1.264507141113281250e+02  1.235843887329101562e+02  -5.593336105346679688e+01  1.015305633544921875e+02  2.077896118164062500e+02  1.305602082249603235e+01
4.081950000000000000e+05  7.048203125000000000e+04  6.699641406250000000e+04  2.835566796875000000e+04  -6.741287231445312500e+01  4.559011840820312500e+01  2.067845458984375000e+02  1.117703933715820312e+02  2.145518493652343750e+02  6.343974989072147075e+00
4.084340000000000000e+05  6.454371484375000000e+04  4.700194921875000000e+04  6.847737792968750000e+03  1.434301300048828125e+02  -7.088143157958984375e+01  1.544025802612304688e+01  1.218453140258789062e+02  2.208145751953125000e+02  7.932259545831896297e+00
4.085950000000000000e+05  2.904745507812500000e+04  5.677616406250000000e+04  4.012235156250000000e+04  -1.343508605957031250e+02  -1.858254241943359375e+02  1.415341644287109375e+02  8.722742462158203125e+01  1.975286865234375000e+02  1.380000000000000071e+01
4.089160000000000000e+05  1.688482812500000000e+04  4.142674218750000000e+04  5.991744921875000000e+04  -9.355104064941406250e+01  1.370358428955078125e+02  -3.309554443359375000e+02  9.560252380371093750e+01  2.036562500000000000e+02  1.085569262702062510e+01
4.089540000000000000e+05  2.514679101562500000e+04  7.549520507812500000e+03  6.129255078125000000e+04  6.989194488525390625e+01  -2.605813407897949219e+01  -3.205027008056640625e+01  7.310207366943359375e+01  1.862423095703125000e+02  1.056003325978857177e+01
4.090060000000000000e+05  4.713412890625000000e+04  4.496923339843750000e+03  4.553877734375000000e+04  2.253532028198242188e+01  -1.225946655273437500e+02  -2.010025024414062500e+02  1.183410110473632812e+02  2.186731262207031250e+02  1.310424702200101876e+01
4.093950000000000000e+05  5.990847656250000000e+04  4.780896093750000000e+04  2.615643750000000000e+04  -2.462618827819824219e+01  3.284199237823486328e+00  1.008196735382080078e+01  8.657608795166015625e+01  1.970431671142578125e+02  1.380000000000000071e+01
4.098510000000000000e+05  4.793525000000000000e+04  5.006247656250000000e+04  4.307737109375000000e+04  -9.081107330322265625e+01  1.482926025390625000e+02  1.764257049560546875e+01  8.914652252197265625e+01  1.989707641601562500e+02  1.203032825146715901e+01
4.098930000000000000e+05  1.338671582031250000e+04  1.838843554687500000e+04  7.091021875000000000e+04  -5.546261215209960938e+01  6.393418121337890625e+01  1.299794292449951172e+01  9.123925018310546875e+01  2.005150299072265625e+02  4.127304837402578030e+00
4.099350000000000000e+05  4.121588671875000000e+04  2.194085937500000000e+04  1.478767187500000000e+04  -4.462344360351562500e+01  -1.830651283264160156e+01  -3.094545364379882812e+01  1.210983352661132812e+02  2.203582000732421875e+02  1.071121401495764758e+01
4.100060000000000000e+05  6.899739843750000000e+04  5.506715234375000000e+04  2.080079492187500000e+04  6.185387802124023438e+01  9.080152893066406250e+01  2.910107421875000000e+02  9.469104766845703125e+01  2.030096740722656250e+02  8.371984981269694259e+00
4.103040000000000000e+05  4.316380078125000000e+04  5.065679016113281250e+02  7.402600000000000000e+04  -2.563668823242187500e+02  1.465366973876953125e+02  -3.835650939941406250e+02  9.861077880859375000e+01  2.057751770019531250e+02  1.023601054348745265e+01
4.104290000000000000e+05  4.140116406250000000e+04  2.335793701171875000e+03  5.607601171875000000e+04  -2.013359985351562500e+02  -2.190580902099609375e+02  -1.285153656005859375e+02  1.072177429199218750e+02  2.115899658203125000e+02  1.203032825146715901e+01
4.105500000000000000e+05  4.470146484375000000e+04  3.222582812500000000e+04  5.748635937500000000e+04  -2.668865966796875000e+02  1.372671966552734375e+02  -7.152230072021484375e+01  1.015635375976562500e+02  2.078072509765625000e+02  7.583556213747271180e+00
4.106980000000000000e+05  5.811569531250000000e+04  1.439416796875000000e+04  2.319323242187500000e+04  2.514547882080078125e+02  9.525759887695312500e+01  2.162997131347656250e+02  8.997769165039062500e+01  1.995888824462890625e+02  1.116174367512844867e+01
4.107330000000000000e+05  4.014865234375000000e+04  2.555924609375000000e+04  6.848147656250000000e+04  -2.746577072143554688e+01  -2.726153612136840820e+00  -1.555255279541015625e+02  9.565840911865234375e+01  2.037066650390625000e+02  1.300960807859616786e+01
4.110950000000000000e+05  1.886091796875000000e+04  2.337306445312500000e+04  2.786181640625000000e+04  -2.562383422851562500e+02  -1.438051757812500000e+02  1.371399230957031250e+02  1.002831268310546875e+02  2.069346466064453125e+02  6.659247410961587121e+00
4.113800000000000000e+05  2.738980712890625000e+03  3.113726562500000000e+04  6.303793750000000000e+04  3.078977355957031250e+02  7.778833770751953125e+01  2.025278854370117188e+01  1.127625274658203125e+02  2.151829833984375000e+02  1.280502057400133253e+01
4.119470000000000000e+05  6.491251953125000000e+04  6.553739062500000000e+04  3.741351171875000000e+04  -8.890782165527343750e+01  -2.876129722595214844e+01  3.065329284667968750e+02  8.926306152343750000e+01  1.990580444335937500e+02  1.380000000000000071e+01
4.122090000000000000e+05  1.878559375000000000e+04  2.227762109375000000e+04  4.115146093750000000e+04  1.776705169677734375e+02  -2.842870330810546875e+01  -1.266068496704101562e+02  7.560675048828125000e+01  1.883345184326171875e+02  1.203032825146715901e+01
4.122710000000000000e+05  3.980272265625000000e+04  3.773334765625000000e+04  6.031873437500000000e+04  1.613065528869628906e+01  -1.266473174095153809e+00  -8.898035430908203125e+01  1.112967376708984375e+02  2.142413330078125000e+02  6.525340900292483148e+00
4.130610000000000000e+05  4.308002441406250000e+03  3.805493750000000000e+04  2.979922656250000000e+04  2.692590026855468750e+02  7.730091857910156250e+01  -1.128150787353515625e+02  7.975653839111328125e+01  1.917236633300781250e+02  1.912758912406289369e+00
4.135940000000000000e+05  1.331896972656250000e+04  5.100941796875000000e+04  4.791830078125000000e+04  7.392481231689453125e+01  4.650298767089843750e+02  -5.164275512695312500e+02  8.919036102294921875e+01  1.990015411376953125e+02  4.127304837402578030e+00
4.140310000000000000e+05  6.866403125000000000e+04  8.243436523437500000e+03  3.196627539062500000e+04  9.059182739257812500e+01  2.582028198242187500e+02  1.874029693603515625e+02  8.405500793457031250e+01  1.951062622070312500e+02  1.269792958017283091e+01
4.144860000000000000e+05  2.003680273437500000e+04  2.798185546875000000e+04  6.333285546875000000e+04  -1.217177352905273438e+02  1.429309177398681641e+01  -1.496007995605468750e+02  8.141179656982421875e+01  1.930436706542968750e+02  1.269792958017283091e+01
4.145770000000000000e+05  1.142429296875000000e+04  4.579416015625000000e+04  6.647596875000000000e+04  1.375009727478027344e+01  1.479188842773437500e+02  -1.012014846801757812e+02  9.001592254638671875e+01  1.996127166748046875e+02  1.146891249523107881e+01
4.147320000000000000e+05  1.394301513671875000e+03  5.876267187500000000e+04  7.009613281250000000e+04  1.460082092285156250e+02  -1.539822387695312500e+02  -2.795673217773437500e+02  9.728916168212890625e+01  2.048547515869140625e+02  1.253636595713531854e+01
4.150580000000000000e+05  5.114275390625000000e+03  4.712043359375000000e+04  3.940785546875000000e+04  2.569293212890625000e+02  2.671331481933593750e+02  1.563170623779296875e+02  8.207579803466796875e+01  1.935653686523437500e+02  6.834732699225051000e+00
4.152580000000000000e+05  1.624860351562500000e+04  4.449151562500000000e+04  5.398998828125000000e+04  4.164100341796875000e+02  2.097808532714843750e+02  -1.781067504882812500e+02  1.001563644409179688e+02  2.068429107666015625e+02  1.085569262702062510e+01
4.158950000000000000e+05  6.710623437500000000e+04  1.518196289062500000e+04  7.347647656250000000e+04  8.854241180419921875e+01  1.670328826904296875e+02  6.227782821655273438e+01  9.441220092773437500e+01  2.028155212402343750e+02  1.162399267198269825e+01
4.163610000000000000e+05  6.179327148437500000e+03  2.130241015625000000e+04  6.630745312500000000e+04  2.002481536865234375e+02  7.997194671630859375e+01  -3.902363204956054688e+01  9.729382324218750000e+01  2.048499603271484375e+02  1.269792958017283091e+01
4.165460000000000000e+05  2.125330468750000000e+04  5.349437255859375000e+02  2.139951367187500000e+04  -1.422251281738281250e+02  1.242710189819335938e+02  -3.911827087402343750e+01  7.747855377197265625e+01  1.898853759765625000e+02  1.071121401495764758e+01
4.165800000000000000e+05  4.237056250000000000e+04  1.170009570312500000e+04  4.626449218750000000e+04  3.748539352416992188e+01  -6.549771118164062500e+01  -4.574068832397460938e+01  9.176960754394531250e+01  2.008982543945312500e+02  4.291177500151493795e+00
4.166450000000000000e+05  3.807242578125000000e+04  4.942675000000000000e+04  4.122375000000000000e+04  -2.141681976318359375e+02  9.014927673339843750e+01  2.637091064453125000e+01  8.287943267822265625e+01  1.941965484619140625e+02  3.961856721725804498e+00
4.168440000000000000e+05  6.523025390625000000e+03  5.179813281250000000e+04  4.278607031250000000e+04  3.256330566406250000e+02  -4.304813232421875000e+02  4.973517456054687500e+02  9.875078582763671875e+01  2.058780364990234375e+02  7.300188977359312936e+00
4.171750000000000000e+05  5.341271875000000000e+04  3.757958203125000000e+04  1.652548046875000000e+04  1.077812576293945312e+02  -9.836350250244140625e+01  6.891840362548828125e+01  7.832604217529296875e+01  1.905724945068359375e+02  1.085569262702062510e+01
4.174200000000000000e+05  8.459983398437500000e+03  3.683515234375000000e+04  2.490055273437500000e+04  1.182199630737304688e+02  6.861348724365234375e+01  -1.698344802856445312e+01  7.131409454345703125e+01  1.847012023925781250e+02  1.203032825146715901e+01
4.176600000000000000e+05  2.672264648437500000e+04  2.525291992187500000e+04  4.134752734375000000e+04  -1.690370635986328125e+02  2.071262359619140625e+02  8.224950408935546875e+01  8.667063903808593750e+01  1.971112060546875000e+02  6.659247410961587121e+00
4.177090000000000000e+05  2.478379492187500000e+04  2.799678125000000000e+04  4.103669531250000000e+04  -2.874427490234375000e+02  4.258082885742187500e+02  1.171849060058593750e+02  8.182992553710937500e+01  1.933713378906250000e+02  1.156320752956910169e+01
4.178120000000000000e+05  2.687444140625000000e+04  3.581434082031250000e+03  7.335067968750000000e+04  -1.008272018432617188e+02  -3.082308349609375000e+02  -6.072845935821533203e+00  8.727510833740234375e+01  1.975728759765625000e+02  1.380000000000000071e+01
4.179350000000000000e+05  5.080336328125000000e+04  6.782685156250000000e+04  4.400873046875000000e+04  -2.428665161132812500e+02  4.241762390136718750e+02  -1.454895172119140625e+02  9.595161437988281250e+01  2.039061889648437500e+02  8.546839766134786132e+00
4.179880000000000000e+05  6.798844531250000000e+04  1.980554882812500000e+04  2.193334375000000000e+04  3.724395751953125000e+02  -2.353304672241210938e+01  2.344269409179687500e+02  7.368723297119140625e+01  1.867334899902343750e+02  8.228831826425739848e+00
4.181650000000000000e+05  6.812310156250000000e+04  6.943565625000000000e+04  3.957220703125000000e+04  -1.984913024902343750e+02  -3.394810104370117188e+01  8.317646789550781250e+01  1.007465744018554688e+02  2.072550659179687500e+02  2.218076781159661337e+00
4.183980000000000000e+05  1.083531494140625000e+03  2.257820507812500000e+04  5.240154296875000000e+04  1.634582824707031250e+02  5.488614654541015625e+01  3.549496078491210938e+01  9.058477020263671875e+01  2.000334167480468750e+02  6.964527815650855658e+00
4.185610000000000000e+05  3.231746289062500000e+04  3.444945800781250000e+03  7.146768750000000000e+04  -9.552050018310546875e+01  -4.680041809082031250e+02  -7.556201171875000000e+01  9.308592224121093750e+01  2.018534545898437500e+02  1.162399267198269825e+01
4.187310000000000000e+05  4.274815429687500000e+03  5.960415625000000000e+04  3.009787304687500000e+04  -4.321321487426757812e+01  -1.106619262695312500e+02  5.055185699462890625e+01  8.390554809570312500e+01  1.949909362792968750e+02  3.052243906756372471e+00
4.190890000000000000e+05  1.928852734375000000e+04  4.579151953125000000e+04  6.952740625000000000e+04  -2.578343505859375000e+02  1.227773818969726562e+02  -2.177123107910156250e+02  8.665674591064453125e+01  1.970966033935546875e+02  8.371984981269694259e+00
4.192290000000000000e+05  6.774710156250000000e+04  6.009843359375000000e+04  4.446278125000000000e+04  1.828833007812500000e+02  4.044710540771484375e+01  6.595571136474609375e+01  8.114273071289062500e+01  1.928253784179687500e+02  4.771219190444115021e+00
4.192620000000000000e+05  7.308779687500000000e+04  5.507787500000000000e+04  5.431130078125000000e+04  2.283306121826171875e+02  1.599859771728515625e+02  3.382268905639648438e+01  8.263914489746093750e+01  1.940029449462890625e+02  1.162399267198269825e+01
4.193600000000000000e+05  3.703648046875000000e+04  2.186903125000000000e+04  3.263643750000000000e+04  -1.426503753662109375e+02  -6.433341979980468750e+01  1.137625885009765625e+02  9.262628173828125000e+01  2.015252990722656250e+02  9.318446325621081883e+00
4.195100000000000000e+05  7.024038281250000000e+04  5.515907421875000000e+04  2.311305273437500000e+04  -1.244710693359375000e+02  -1.590930747985839844e+01  1.837862777709960938e+01  7.761083984375000000e+01  1.899885253906250000e+02  1.289524225406221269e+01
4.197150000000000000e+05  5.437428222656250000e+03  6.275092187500000000e+04  3.420162890625000000e+04  -2.642821693420410156e+01  -1.338464660644531250e+02  1.163260574340820312e+02  8.593955993652343750e+01  1.965513305664062500e+02  5.730500012257683018e+00
4.202520000000000000e+05  5.890817968750000000e+04  4.567135156250000000e+04  3.300721875000000000e+04  4.444757843017578125e+01  6.357750701904296875e+01  -1.764718246459960938e+01  8.141504669189453125e+01  1.930393218994140625e+02  8.848932951319234519e+00
4.205460000000000000e+05  6.387310546875000000e+04  1.854552343750000000e+04  5.422448046875000000e+04  5.796546554565429688e+01  -7.085419464111328125e+01  -1.612831420898437500e+02  9.153695678710937500e+01  2.007287292480468750e+02  5.385312306902314106e+00
4.208150000000000000e+05  2.189725781250000000e+04  5.980684375000000000e+04  5.273062500000000000e+04  7.782086944580078125e+01  -4.348231811523437500e+02  7.888249969482421875e+01  8.317402648925781250e+01  1.944202575683593750e+02  3.341301930634313244e+00
4.210560000000000000e+05  2.550712890625000000e+04  3.543830566406250000e+03  5.939547265625000000e+04  2.611731147766113281e+01  1.527479267120361328e+01  -1.832448387145996094e+01  8.734056091308593750e+01  1.976170959472656250e+02  7.779256039239388798e+00
4.213510000000000000e+05  3.382741796875000000e+04  4.695321875000000000e+04  2.318289062500000000e+04  -1.114208602905273438e+02  9.854282379150390625e+00  1.737204589843750000e+02  9.289129638671875000e+01  2.017188720703125000e+02  9.465641060404585971e+00
4.215660000000000000e+05  4.058689843750000000e+04  4.009123828125000000e+04  9.051860351562500000e+03  -9.413408660888671875e+01  -1.133253021240234375e+02  -6.475407409667968750e+01  9.182791900634765625e+01  2.009468383789062500e+02  3.052243906756372471e+00
4.216780000000000000e+05  7.183720312500000000e+04  1.564658691406250000e+03  4.921476562500000000e+04  -1.075886688232421875e+02  -1.555396728515625000e+02  -3.065380554199218750e+02  8.077323913574218750e+01  1.925365905761718750e+02  6.834732699225051000e+00
4.217280000000000000e+05  2.693895507812500000e+04  4.626848828125000000e+04  2.343124023437500000e+04  -4.473120880126953125e+01  -4.693045425415039062e+01  1.364426422119140625e+02  9.148220062255859375e+01  2.006981658935546875e+02  8.683020581730854559e+00
4.220720000000000000e+05  2.879883984375000000e+04  1.285832519531250000e+04  5.821285156250000000e+04  -3.807412338256835938e+01  -7.594557189941406250e+01  2.678161811828613281e+01  9.031254577636718750e+01  1.998388824462890625e+02  1.236036894079930804e+01
4.222960000000000000e+05  3.199722265625000000e+04  5.509144921875000000e+04  4.805062890625000000e+04  -1.972280120849609375e+02  -2.581929588317871094e+01  5.244461441040039062e+01  8.949508666992187500e+01  1.992236938476562500e+02  6.343974989072147075e+00
4.224550000000000000e+05  6.281595703125000000e+04  1.397826464843750000e+04  6.756057812500000000e+04  2.585969352722167969e+01  4.438148117065429688e+01  -2.556025123596191406e+01  7.976877593994140625e+01  1.917373199462890625e+02  6.017965502798958255e+00
4.226670000000000000e+05  1.430215429687500000e+04  2.532417578125000000e+04  2.922549218750000000e+04  -2.755705261230468750e+02  -1.679208068847656250e+02  8.269217681884765625e+01  1.031759796142578125e+02  2.088999328613281250e+02  1.380000000000000071e+01
4.227520000000000000e+05  6.335774609375000000e+04  6.511391406250000000e+04  2.824110351562500000e+04  -6.892694091796875000e+01  1.295692749023437500e+02  2.291464996337890625e+02  9.616524505615234375e+01  2.040664978027343750e+02  1.380000000000000071e+01
4.229970000000000000e+05  2.147535400390625000e+03  5.567398046875000000e+04  6.410430078125000000e+04  1.403504486083984375e+02  5.910602188110351562e+01  -3.672836914062500000e+02  7.197214508056640625e+01  1.852714691162109375e+02  1.085569262702062510e+01
4.232330000000000000e+05  7.225645312500000000e+04  4.354605078125000000e+04  5.591027343750000000e+04  3.594351196289062500e+02  3.189639587402343750e+02  2.622459793090820312e+01  9.892952728271484375e+01  2.059983215332031250e+02  1.253636595713531854e+01
4.236530000000000000e+05  3.460351953125000000e+04  2.709010253906250000e+03  7.026254687500000000e+04  -1.114584274291992188e+02  -5.665441894531250000e+02  4.954805374145507812e+01  7.350507354736328125e+01  1.865814819335937500e+02  5.583704079166812662e+00
4.237320000000000000e+05  3.736472265625000000e+04  6.641832031250000000e+04  4.718575781250000000e+04  6.940023803710937500e+01  -2.351925849914550781e+01  -5.095488281250000000e+02  9.051501464843750000e+01  1.999838867187500000e+02  1.277056227912807707e+01
4.238570000000000000e+05  2.252634960937500000e+04  9.370526367187500000e+03  1.154920703125000000e+04  -1.894548645019531250e+02  -6.427828979492187500e+01  -2.286978607177734375e+02  9.197558593750000000e+01  2.010586547851562500e+02  3.512872908987677789e+00
4.239540000000000000e+05  3.098220458984375000e+03  1.864204882812500000e+04  2.264080078125000000e+04  -4.512730102539062500e+02  -3.841332244873046875e+01  -9.894088745117187500e+01  8.910478210449218750e+01  1.989361572265625000e+02  1.218181781300221722e+01
4.240020000000000000e+05  1.240713964843750000e+04  5.260619531250000000e+04  4.944502734375000000e+04  1.060968246459960938e+02  -8.083417358398437500e+02  -2.720162353515625000e+02  7.620121765136718750e+01  1.888302001953125000e+02  1.116174367512844867e+01
4.241380000000000000e+05  1.447764453125000000e+04  5.307513671875000000e+04  6.732483593750000000e+04  2.453655052185058594e+01  1.444761962890625000e+02  2.200245513916015625e+02  7.643032836914062500e+01  1.890227966308593750e+02  6.834732699225051000e+00
4.244230000000000000e+05  2.479913818359375000e+03  3.070678906250000000e+04  6.392428906250000000e+04  3.083513183593750000e+02  1.113807373046875000e+02  -3.821667480468750000e+01  8.656933593750000000e+01  1.970376892089843750e+02  1.203032825146715901e+01
4.246490000000000000e+05  8.112393554687500000e+03  1.462894042968750000e+04  5.813860546875000000e+04  1.323404998779296875e+02  2.267081604003906250e+02  1.467519378662109375e+02  8.324259185791015625e+01  1.944741210937500000e+02  7.300188977359312936e+00
4.247500000000000000e+05  6.932796093750000000e+04  2.811710693359375000e+03  4.531223828125000000e+04  1.047258090972900391e+01  -1.772203216552734375e+02  -2.971712341308593750e+02  8.582887268066406250e+01  1.964751892089843750e+02  1.190412499669766433e+01
4.248170000000000000e+05  2.557268359375000000e+04  4.495800781250000000e+04  5.056953125000000000e+04  -4.762405090332031250e+02  1.291854190826416016e+01  -1.202082595825195312e+02  8.596509552001953125e+01  1.965686340332031250e+02  1.297697462991876627e+01
4.248510000000000000e+05  3.195323974609375000e+03  2.639401562500000000e+04  5.627130859375000000e+04  1.169026489257812500e+02  1.397663574218750000e+02  9.314176940917968750e+01  8.493898010253906250e+01  1.957888183593750000e+02  4.771219190444115021e+00
4.250900000000000000e+05  3.643835546875000000e+04  2.194461718750000000e+04  2.769798046875000000e+04  -1.605459899902343750e+02  -1.870923805236816406e+01  1.490234680175781250e+02  7.826993560791015625e+01  1.905214233398437500e+02  1.255354679171405330e+01
4.251590000000000000e+05  3.496237890625000000e+04  4.739478125000000000e+04  2.429580273437500000e+04  -5.414654922485351562e+01  1.055985794067382812e+02  1.553670501708984375e+02  7.565198516845703125e+01  1.883797454833984375e+02  5.081974264544758313e+00
4.253280000000000000e+05  5.584582421875000000e+04  5.018228906250000000e+04  3.347181640625000000e+03  1.150647659301757812e+02  -6.964682769775390625e+01  7.649998664855957031e+00  7.552299499511718750e+01  1.882687072753906250e+02  1.253636595713531854e+01
4.256420000000000000e+05  4.598487890625000000e+04  7.089804687500000000e+04  4.443644531250000000e+04  -2.202895507812500000e+02  -4.267673339843750000e+02  -3.771354675292968750e+02  8.159745788574218750e+01  1.931871643066406250e+02  1.255354679171405330e+01
4.261490000000000000e+05  2.640273632812500000e+04  2.305623632812500000e+04  5.555895312500000000e+04  -2.160874633789062500e+02  1.473828430175781250e+02  -1.748220672607421875e+02  9.462576293945312500e+01  2.029710998535156250e+02  9.010100120984850136e+00
4.262580000000000000e+05  1.262518554687500000e+04  6.438917578125000000e+04  7.235971093750000000e+04  5.231381835937500000e+02  -1.888382263183593750e+02  2.042149200439453125e+02  9.119724273681640625e+01  2.004877319335937500e+02  1.310424702200101876e+01
4.262800000000000000e+05  9.555958007812500000e+03  7.318062500000000000e+04  7.370037109375000000e+03  3.320094909667968750e+02  2.824635124206542969e+01  6.666513824462890625e+01  8.681294250488281250e+01  1.972185974121093750e+02  1.380000000000000071e+01
4.267910000000000000e+05  5.478691015625000000e+04  6.975645312500000000e+04  4.457592187500000000e+04  -1.234250564575195312e+02  4.824819183349609375e+01  -3.571232299804687500e+02  7.180808258056640625e+01  1.851287231445312500e+02  1.218181781300221722e+01
4.268850000000000000e+05  6.643284375000000000e+04  5.764253906250000000e+04  1.963741210937500000e+04  2.674338150024414062e+01  -9.003376007080078125e+00  1.372983856201171875e+02  7.101625061035156250e+01  1.844491271972656250e+02  7.779256039239388798e+00
4.274020000000000000e+05  7.432562500000000000e+04  3.270689062500000000e+04  6.265102539062500000e+03  2.630731201171875000e+02  -3.930850830078125000e+02  -8.388494110107421875e+01  8.936497497558593750e+01  1.991288757324218750e+02  6.659247410961587121e+00
4.275760000000000000e+05  1.793499414062500000e+04  9.067016601562500000e+03  2.813271875000000000e+04  -1.786150970458984375e+02  4.667011108398437500e+02  7.616435241699218750e+01  7.304399108886718750e+01  1.861830902099609375e+02  1.131994609420696918e+01
4.276000000000000000e+05  6.619857031250000000e+04  6.621608593750000000e+04  3.999132812500000000e+04  -8.541751098632812500e+01  -1.688527374267578125e+02  2.027332611083984375e+02  7.140590667724609375e+01  1.847822570800781250e+02  1.380000000000000071e+01
4.278350000000000000e+05  3.620278320312500000e+03  4.968616796875000000e+04  5.765259375000000000e+04  -4.009391784667968750e+01  2.190379638671875000e+02  -3.267077941894531250e+02  7.550248718261718750e+01  1.882478637695312500e+02  5.081974264544758313e+00
4.281440000000000000e+05  7.327339062500000000e+04  4.277738281250000000e+04  5.013511230468750000e+03  2.000227661132812500e+02  -2.628446960449218750e+02  -3.379506301879882812e+01  8.033369445800781250e+01  1.921834869384765625e+02  5.583704079166812662e+00
4.281750000000000000e+05  3.553034375000000000e+04  2.199895898437500000e+04  2.743100781250000000e+04  -1.343593902587890625e+02  -7.647240161895751953e+00  1.641369781494140625e+02  8.924987030029296875e+01  1.990454254150390625e+02  7.932259545831896297e+00
4.282060000000000000e+05  2.016356640625000000e+04  1.930364843750000000e+04  1.876691210937500000e+04  -2.410858459472656250e+02  -8.429511260986328125e+01  1.466209869384765625e+02  7.904233551025390625e+01  1.911462707519531250e+02  1.071121401495764758e+01
4.285590000000000000e+05  2.137189257812500000e+04  5.289355468750000000e+04  5.382523828125000000e+04  2.761993408203125000e+01  -3.864428100585937500e+02  -2.272320365905761719e+01  7.942237091064453125e+01  1.914604797363281250e+02  6.343974989072147075e+00
4.286560000000000000e+05  1.559640722656250000e+04  2.464167773437500000e+04  1.275539843750000000e+04  -2.118825988769531250e+02  -1.231828689575195312e+02  1.546714878082275391e+01  7.335818481445312500e+01  1.864577941894531250e+02  8.228831826425739848e+00
4.286940000000000000e+05  4.921693359375000000e+03  3.295851171875000000e+04  6.002384765625000000e+04  2.264243164062500000e+02  1.822860870361328125e+02  -1.501006011962890625e+02  8.205365753173828125e+01  1.935519561767578125e+02  3.052243906756372471e+00
4.290350000000000000e+05  3.913128906250000000e+04  6.715167968750000000e+04  3.855269921875000000e+04  2.764898986816406250e+02  1.453485107421875000e+02  2.822654418945312500e+02  7.530460357666015625e+01  1.880897827148437500e+02  1.162399267198269825e+01
4.293950000000000000e+05  4.080451562500000000e+04  3.044816015625000000e+04  6.029742187500000000e+04  -1.070291976928710938e+02  1.707528991699218750e+02  -6.397672271728515625e+01  7.546645355224609375e+01  1.882183227539062500e+02  9.318446325621081883e+00
4.298470000000000000e+05  2.621100976562500000e+04  1.338770141601562500e+03  5.366897656250000000e+04  1.639501647949218750e+02  4.303258895874023438e+01  9.170799255371093750e+01  8.012432098388671875e+01  1.920169219970703125e+02  4.612394612284686168e+00
4.298920000000000000e+05  3.114898828125000000e+04  2.417139843750000000e+04  4.579813281250000000e+04  -6.054627609252929688e+01  -1.397536010742187500e+02  -2.351311035156250000e+02  7.922286987304687500e+01  1.912911529541015625e+02  2.876471903136670338e+00
4.305360000000000000e+05  1.312883789062500000e+04  4.475542187500000000e+04  1.673271484375000000e+04  -6.284128570556640625e+01  -1.426916656494140625e+02  9.057023620605468750e+01  7.979110717773437500e+01  1.917559814453125000e+02  1.789035648605373563e+00
4.308640000000000000e+05  6.402813281250000000e+04  3.837065234375000000e+04  7.488255468750000000e+04  1.312002410888671875e+02  -3.409212036132812500e+02  7.051179504394531250e+01  7.722125244140625000e+01  1.896749572753906250e+02  5.583704079166812662e+00
4.309440000000000000e+05  3.626168359375000000e+04  3.575451953125000000e+04  4.208306640625000000e+03  -1.121611633300781250e+02  -1.175081176757812500e+02  -1.632727661132812500e+02  7.286764526367187500e+01  1.860378570556640625e+02  9.636643502974857611e+00
4.311270000000000000e+05  2.125443359375000000e+04  5.890292968750000000e+04  6.665470312500000000e+04  -4.659740600585937500e+02  1.239652633666992188e+01  -1.453348083496093750e+02  7.921047210693359375e+01  1.912903900146484375e+02  1.008797383033137329e+01
4.312910000000000000e+05  4.271819921875000000e+04  6.367792187500000000e+04  3.721444531250000000e+04  -8.964159393310546875e+01  1.855573272705078125e+02  3.212319641113281250e+02  7.766658782958984375e+01  1.900332489013671875e+02  1.218181781300221722e+01
4.315820000000000000e+05  1.397870788574218750e+02  2.173882617187500000e+04  7.039053906250000000e+04  1.813428649902343750e+02  1.514480895996093750e+02  1.271310329437255859e+01  7.673018646240234375e+01  1.892709197998046875e+02  1.176884422545161435e+01
4.324560000000000000e+05  2.312380859375000000e+04  3.579613671875000000e+04  3.826097656250000000e+04  -2.957694091796875000e+02  -1.190563201904296875e+02  5.180737304687500000e+02  7.086734771728515625e+01  1.843225860595703125e+02  7.779256039239388798e+00
4.335160000000000000e+05  5.985950781250000000e+04  4.495924609375000000e+04  6.191456640625000000e+04  3.534366226196289062e+01  -1.346516418457031250e+02  -2.116658477783203125e+02  7.099846649169921875e+01  1.844285888671875000e+02  3.512872908987677789e+00
4.337230000000000000e+05  3.968151562500000000e+04  2.045949023437500000e+04  6.174633203125000000e+04  -1.801230468750000000e+02  -1.836907577514648438e+01  5.915752029418945312e+01  7.450123596191406250e+01  1.874144439697265625e+02  1.099120464821185195e+00
4.340480000000000000e+05  6.441990234375000000e+04  7.316562500000000000e+04  5.634464062500000000e+04  1.346015472412109375e+02  -1.034476852416992188e+02  -2.455900115966796875e+02  7.669647216796875000e+01  1.892379150390625000e+02  1.602933082994082659e+00
4.341020000000000000e+05  3.385450781250000000e+04  5.846506347656250000e+03  3.524235937500000000e+04  -1.464890747070312500e+02  -9.883509826660156250e+01  3.597855224609375000e+02  7.160336303710937500e+01  1.849479064941406250e+02  8.082256993242888043e+00
4.341360000000000000e+05  3.424311718750000000e+04  5.972792187500000000e+04  4.463262109375000000e+04  7.988303375244140625e+01  4.839273071289062500e+01  4.495753479003906250e+01  7.095959472656250000e+01  1.843954467773437500e+02  4.127304837402578030e+00
4.342530000000000000e+05  5.118685546875000000e+04  1.932151367187500000e+04  9.804378906250000000e+03  1.752941589355468750e+02  5.602053833007812500e+01  2.354413270950317383e+00  7.566581726074218750e+01  1.883899688720703125e+02  1.176884422545161435e+01
4.348960000000000000e+05  6.411901171875000000e+04  2.304621484375000000e+04  1.096617089843750000e+04  3.075009155273437500e+02  2.227603912353515625e+02  1.964175262451171875e+02  7.246920013427734375e+01  1.857014465332031250e+02  1.310424702200101876e+01
4.357090000000000000e+05  1.966048632812500000e+04  4.543647265625000000e+04  5.037180078125000000e+04  1.068565521240234375e+02  5.032085266113281250e+02  -6.087410888671875000e+02  7.564307403564453125e+01  1.883733978271484375e+02  1.131994609420696918e+01
4.358980000000000000e+05  4.057914453125000000e+04  5.176448437500000000e+04  3.620451562500000000e+04  -7.076983642578125000e+01  1.068275833129882812e+02  1.223303298950195312e+02  7.609844207763671875e+01  1.887452545166015625e+02  1.203032825146715901e+01
4.367550000000000000e+05  3.371249218750000000e+04  5.600560546875000000e+04  5.892256640625000000e+04  -2.694277648925781250e+02  1.696371269226074219e+01  -2.163209075927734375e+02  7.802662658691406250e+01  1.903286132812500000e+02  1.244665581804309085e+01
4.374780000000000000e+05  1.414315039062500000e+04  1.903023632812500000e+04  1.164052343750000000e+04  -1.084110946655273438e+02  1.177907824516296387e+00  -1.946970367431640625e+01  7.061318969726562500e+01  1.841029968261718750e+02  1.300960807859616786e+01
4.410120000000000000e+05  7.414528125000000000e+04  2.530155859375000000e+04  1.469142089843750000e+04  3.015883789062500000e+02  3.567011718750000000e+02  7.320433959960937500e+02  7.323409271240234375e+01  1.863467712402343750e+02  1.101277204382141228e+01
