3.219980000000000000e+05
3.346100000000000000e+05
3.382090000000000000e+05
3.414520000000000000e+05
3.449140000000000000e+05
3.480500000000000000e+05
3.481890000000000000e+05
3.483020000000000000e+05
3.491890000000000000e+05
3.507810000000000000e+05
3.524080000000000000e+05
3.550450000000000000e+05
3.564270000000000000e+05
3.570330000000000000e+05
3.576970000000000000e+05
3.578090000000000000e+05
3.583620000000000000e+05
3.596390000000000000e+05
3.596990000000000000e+05
3.597960000000000000e+05
3.600700000000000000e+05
3.614280000000000000e+05
3.624060000000000000e+05
3.630110000000000000e+05
3.635320000000000000e+05
3.636540000000000000e+05
3.637800000000000000e+05
3.639720000000000000e+05
3.643980000000000000e+05
3.651410000000000000e+05
3.655460000000000000e+05
3.661080000000000000e+05
3.664210000000000000e+05
3.666850000000000000e+05
3.670800000000000000e+05
3.673240000000000000e+05
3.684280000000000000e+05
3.685280000000000000e+05
3.687330000000000000e+05
3.690800000000000000e+05
3.700180000000000000e+05
3.707160000000000000e+05
3.708710000000000000e+05
3.711880000000000000e+05
3.718650000000000000e+05
3.722090000000000000e+05
3.723650000000000000e+05
3.724700000000000000e+05
3.726910000000000000e+05
3.727780000000000000e+05
3.728150000000000000e+05
3.733480000000000000e+05
3.734250000000000000e+05
3.736120000000000000e+05
3.737300000000000000e+05
3.743060000000000000e+05
3.745310000000000000e+05
3.748030000000000000e+05
3.750080000000000000e+05
3.751070000000000000e+05
3.752660000000000000e+05
3.755720000000000000e+05
3.760480000000000000e+05
3.762950000000000000e+05
3.763630000000000000e+05
3.771690000000000000e+05
3.772550000000000000e+05
3.774820000000000000e+05
3.779180000000000000e+05
3.780690000000000000e+05
3.781420000000000000e+05
3.788220000000000000e+05
3.789430000000000000e+05
3.791030000000000000e+05
3.793900000000000000e+05
3.796550000000000000e+05
3.797860000000000000e+05
3.800910000000000000e+05
3.802100000000000000e+05
3.805560000000000000e+05
3.810240000000000000e+05
3.812830000000000000e+05
3.817210000000000000e+05
3.821360000000000000e+05
3.822160000000000000e+05
3.824240000000000000e+05
3.826550000000000000e+05
3.831460000000000000e+05
3.836120000000000000e+05
3.837390000000000000e+05
3.838360000000000000e+05
3.841060000000000000e+05
3.843290000000000000e+05
3.843980000000000000e+05
3.852300000000000000e+05
3.853430000000000000e+05
3.854530000000000000e+05
3.855590000000000000e+05
3.856610000000000000e+05
3.857950000000000000e+05
3.859160000000000000e+05
3.860370000000000000e+05
3.863040000000000000e+05
3.865370000000000000e+05
3.867970000000000000e+05
3.868490000000000000e+05
3.870530000000000000e+05
3.872690000000000000e+05
3.874560000000000000e+05
3.879130000000000000e+05
3.880190000000000000e+05
3.882580000000000000e+05
3.883030000000000000e+05
3.884920000000000000e+05
3.887300000000000000e+05
3.889580000000000000e+05
3.890300000000000000e+05
3.892950000000000000e+05
3.893730000000000000e+05
3.894860000000000000e+05
3.896960000000000000e+05
3.902540000000000000e+05
3.904290000000000000e+05
3.905200000000000000e+05
3.906690000000000000e+05
3.907800000000000000e+05
3.908350000000000000e+05
3.910110000000000000e+05
3.913470000000000000e+05
3.915270000000000000e+05
3.916040000000000000e+05
3.917670000000000000e+05
3.918810000000000000e+05
3.920840000000000000e+05
3.921380000000000000e+05
3.922080000000000000e+05
3.925440000000000000e+05
3.926570000000000000e+05
3.928020000000000000e+05
3.929930000000000000e+05
3.930800000000000000e+05
3.931450000000000000e+05
3.933010000000000000e+05
3.934040000000000000e+05
3.936690000000000000e+05
3.939170000000000000e+05
3.941020000000000000e+05
3.941550000000000000e+05
3.942170000000000000e+05
3.943960000000000000e+05
3.945660000000000000e+05
3.946640000000000000e+05
3.949420000000000000e+05
3.951860000000000000e+05
3.958680000000000000e+05
3.959250000000000000e+05
3.960610000000000000e+05
3.961400000000000000e+05
3.963170000000000000e+05
3.963770000000000000e+05
3.966240000000000000e+05
3.967890000000000000e+05
3.970110000000000000e+05
3.970620000000000000e+05
3.971480000000000000e+05
3.972040000000000000e+05
3.973480000000000000e+05
3.974310000000000000e+05
3.975410000000000000e+05
3.976020000000000000e+05
3.977740000000000000e+05
3.978890000000000000e+05
3.979920000000000000e+05
3.983100000000000000e+05
3.985070000000000000e+05
3.986220000000000000e+05
3.989960000000000000e+05
3.990830000000000000e+05
3.991200000000000000e+05
3.992140000000000000e+05
3.994740000000000000e+05
3.994980000000000000e+05
3.996480000000000000e+05
3.998080000000000000e+05
3.998880000000000000e+05
3.999480000000000000e+05
4.000040000000000000e+05
4.000830000000000000e+05
4.001790000000000000e+05
4.002890000000000000e+05
4.004110000000000000e+05
4.005780000000000000e+05
4.007330000000000000e+05
4.015670000000000000e+05
4.016250000000000000e+05
4.016630000000000000e+05
4.017050000000000000e+05
4.020920000000000000e+05
4.021510000000000000e+05
4.022030000000000000e+05
4.024230000000000000e+05
4.024790000000000000e+05
4.026240000000000000e+05
4.027000000000000000e+05
4.028410000000000000e+05
4.029630000000000000e+05
4.030320000000000000e+05
4.032730000000000000e+05
4.033550000000000000e+05
4.037040000000000000e+05
4.037330000000000000e+05
4.038440000000000000e+05
4.039030000000000000e+05
4.039700000000000000e+05
4.049640000000000000e+05
4.050320000000000000e+05
4.051550000000000000e+05
4.052340000000000000e+05
4.053000000000000000e+05
4.054580000000000000e+05
4.055720000000000000e+05
4.059600000000000000e+05
4.060000000000000000e+05
4.060320000000000000e+05
4.061420000000000000e+05
4.062290000000000000e+05
4.065570000000000000e+05
4.069790000000000000e+05
4.072040000000000000e+05
4.073720000000000000e+05
4.074050000000000000e+05
4.074630000000000000e+05
4.076180000000000000e+05
4.080590000000000000e+05
4.081520000000000000e+05
4.081950000000000000e+05
4.084340000000000000e+05
4.085950000000000000e+05
4.089160000000000000e+05
4.089540000000000000e+05
4.090060000000000000e+05
4.093950000000000000e+05
4.098510000000000000e+05
4.098930000000000000e+05
4.099350000000000000e+05
4.100060000000000000e+05
4.103040000000000000e+05
4.104290000000000000e+05
4.105500000000000000e+05
4.106980000000000000e+05
4.107330000000000000e+05
4.110950000000000000e+05
4.113800000000000000e+05
4.116030000000000000e+05
4.116670000000000000e+05
4.119470000000000000e+05
4.122090000000000000e+05
4.122710000000000000e+05
4.126600000000000000e+05
4.130610000000000000e+05
4.135940000000000000e+05
4.140310000000000000e+05
4.144860000000000000e+05
4.145770000000000000e+05
4.147320000000000000e+05
4.149430000000000000e+05
4.150580000000000000e+05
4.152580000000000000e+05
4.158950000000000000e+05
4.163610000000000000e+05
4.165460000000000000e+05
4.165800000000000000e+05
4.166450000000000000e+05
4.168440000000000000e+05
4.169390000000000000e+05
4.171750000000000000e+05
4.174200000000000000e+05
4.176600000000000000e+05
4.177090000000000000e+05
4.178120000000000000e+05
4.179350000000000000e+05
4.179880000000000000e+05
4.181650000000000000e+05
4.183980000000000000e+05
4.184590000000000000e+05
4.185610000000000000e+05
4.187310000000000000e+05
4.190890000000000000e+05
4.192290000000000000e+05
4.192620000000000000e+05
4.193600000000000000e+05
4.195100000000000000e+05
4.197150000000000000e+05
4.198100000000000000e+05
4.200540000000000000e+05
4.202520000000000000e+05
4.205460000000000000e+05
4.208150000000000000e+05
4.210560000000000000e+05
4.213510000000000000e+05
4.215660000000000000e+05
4.216780000000000000e+05
4.217280000000000000e+05
4.220290000000000000e+05
4.220720000000000000e+05
4.222960000000000000e+05
4.224550000000000000e+05
4.226670000000000000e+05
4.227520000000000000e+05
4.228490000000000000e+05
4.229970000000000000e+05
4.232330000000000000e+05
4.236530000000000000e+05
4.237320000000000000e+05
4.238570000000000000e+05
4.239540000000000000e+05
4.240020000000000000e+05
4.241380000000000000e+05
4.244230000000000000e+05
4.245680000000000000e+05
4.246490000000000000e+05
4.247500000000000000e+05
4.248170000000000000e+05
4.248510000000000000e+05
4.250900000000000000e+05
4.251590000000000000e+05
4.253280000000000000e+05
4.253990000000000000e+05
4.256420000000000000e+05
4.260740000000000000e+05
4.261110000000000000e+05
4.261490000000000000e+05
4.262580000000000000e+05
4.262800000000000000e+05
4.263680000000000000e+05
4.267910000000000000e+05
4.268340000000000000e+05
4.268850000000000000e+05
4.274020000000000000e+05
4.275760000000000000e+05
4.276000000000000000e+05
4.278350000000000000e+05
4.281440000000000000e+05
4.281750000000000000e+05
4.282060000000000000e+05
4.282520000000000000e+05
4.285590000000000000e+05
4.286560000000000000e+05
4.286940000000000000e+05
4.287650000000000000e+05
4.290350000000000000e+05
4.293950000000000000e+05
4.296160000000000000e+05
4.296580000000000000e+05
4.297690000000000000e+05
4.298470000000000000e+05
4.298920000000000000e+05
4.299940000000000000e+05
4.301400000000000000e+05
4.305360000000000000e+05
4.306230000000000000e+05
4.308640000000000000e+05
4.309440000000000000e+05
4.311270000000000000e+05
4.312610000000000000e+05
4.312910000000000000e+05
4.315820000000000000e+05
4.317800000000000000e+05
4.320410000000000000e+05
4.321400000000000000e+05
4.322800000000000000e+05
4.324560000000000000e+05
4.326410000000000000e+05
4.331090000000000000e+05
4.331740000000000000e+05
4.335160000000000000e+05
4.337230000000000000e+05
4.339300000000000000e+05
4.340480000000000000e+05
4.341020000000000000e+05
4.341360000000000000e+05
4.342530000000000000e+05
4.346560000000000000e+05
4.348250000000000000e+05
4.348960000000000000e+05
4.349210000000000000e+05
4.350360000000000000e+05
4.352260000000000000e+05
4.356740000000000000e+05
4.357090000000000000e+05
4.357480000000000000e+05
4.358630000000000000e+05
4.358980000000000000e+05
4.365460000000000000e+05
4.367550000000000000e+05
4.368570000000000000e+05
4.369260000000000000e+05
4.371070000000000000e+05
4.374780000000000000e+05
4.376610000000000000e+05
4.377270000000000000e+05
4.379250000000000000e+05
4.383300000000000000e+05
4.383740000000000000e+05
4.386730000000000000e+05
4.388060000000000000e+05
4.388510000000000000e+05
4.390410000000000000e+05
4.391540000000000000e+05
4.395580000000000000e+05
4.397030000000000000e+05
4.397960000000000000e+05
4.399560000000000000e+05
4.406530000000000000e+05
4.407700000000000000e+05
4.410120000000000000e+05
4.410780000000000000e+05
4.412820000000000000e+05
4.413700000000000000e+05
4.414520000000000000e+05
4.415310000000000000e+05
4.416240000000000000e+05
4.419460000000000000e+05
4.420020000000000000e+05
4.424480000000000000e+05
4.426450000000000000e+05
4.428070000000000000e+05
4.431870000000000000e+05
4.438480000000000000e+05
4.444660000000000000e+05
4.445340000000000000e+05
4.445780000000000000e+05
4.447890000000000000e+05
4.448340000000000000e+05
4.451010000000000000e+05
4.451910000000000000e+05
4.456110000000000000e+05
4.456960000000000000e+05
4.459220000000000000e+05
4.459580000000000000e+05
4.461360000000000000e+05
4.462020000000000000e+05
4.462420000000000000e+05
4.462690000000000000e+05
4.465980000000000000e+05
4.466340000000000000e+05
4.466660000000000000e+05
4.470010000000000000e+05
4.474720000000000000e+05
4.477380000000000000e+05
4.479540000000000000e+05
4.480980000000000000e+05
4.481390000000000000e+05
4.481710000000000000e+05
4.484220000000000000e+05
4.493760000000000000e+05
4.494730000000000000e+05
4.496040000000000000e+05
4.497680000000000000e+05
4.497880000000000000e+05
4.500320000000000000e+05
4.505060000000000000e+05
4.509070000000000000e+05
4.512200000000000000e+05
4.512760000000000000e+05
4.521000000000000000e+05
4.524090000000000000e+05
4.524900000000000000e+05
4.528020000000000000e+05
4.532470000000000000e+05
4.533240000000000000e+05
4.534240000000000000e+05
4.539120000000000000e+05
4.540550000000000000e+05
4.541940000000000000e+05
4.545510000000000000e+05
4.546600000000000000e+05
4.547150000000000000e+05
4.547300000000000000e+05
4.551510000000000000e+05
4.555890000000000000e+05
4.561940000000000000e+05
4.570290000000000000e+05
4.574110000000000000e+05
4.582010000000000000e+05
4.584580000000000000e+05
4.589840000000000000e+05
4.595970000000000000e+05
4.598160000000000000e+05
4.603520000000000000e+05
4.628400000000000000e+05
4.632820000000000000e+05
4.636450000000000000e+05
4.664160000000000000e+05
